1	0.0
2	0.0
3	0.25
4	0.0
5	0.25
6	0.0
7	0.0
8	0.25
9	0.25
10	0.25
11	0.0
12	0.0
13	1.5
14	0.5
15	1.25
16	0.0
17	0.5
18	2.0
19	0.25
20	0.0
21	1.5
22	0.25
23	0.5
24	1.75
25	0.0
26	0.25
27	0.25
28	0.0
29	1.75
30	0.0
31	0.25
32	1.25
33	0.5
34	0.25
35	0.75
36	1.25
37	0.25
38	0.25
39	1.5
40	0.25
41	0.5
42	0.5
43	0.25
44	1.5
45	0.25
46	0.5
47	0.5
48	1.5
49	0.75
50	0.0
51	1.5
52	0.0
53	1.75
54	0.5
55	0.0
56	1.5
57	1.25
58	0.0
59	0.25
60	0.0
61	0.25
62	1.5
63	0.5
64	1.5
65	2.0
66	0.25
67	1.5
68	0.25
69	0.25
70	0.25
71	1.75
72	0.0
73	0.25
74	1.5
75	0.75
76	0.5
77	1.25
78	0.5
79	0.0
80	1.5
81	0.25
82	0.25
83	0.0
84	1.0
85	0.5
86	1.5
87	0.25
88	1.5
89	0.0
90	1.75
91	0.25
92	2.0
93	0.0
94	2.0
95	0.5
96	1.75
97	0.5
98	1.5
99	0.0
100	0.0
101	1.75
102	0.25
103	0.5
104	1.5
105	0.0
106	0.0
107	0.25
108	0.0
109	0.0
110	0.0
111	0.0
112	0.0
