1	0.0
2	0.0
3	0.25
4	0.0
5	0.25
6	0.0
7	0.0
8	0.25
9	0.25
10	0.5
11	1.0
12	0.0
13	1.75
14	0.25
15	1.5
16	0.0
17	0.5
18	0.5
19	0.25
20	0.0
21	0.0
22	1.75
23	0.25
24	2.0
25	1.25
26	0.25
27	1.75
28	0.0
29	1.5
30	0.25
31	0.25
32	0.25
33	0.5
34	1.5
35	0.25
36	0.25
37	0.25
38	1.5
39	0.25
40	1.5
41	0.25
42	1.5
43	0.25
44	1.5
45	0.25
46	0.25
47	1.5
48	0.0
49	0.5
50	1.25
51	0.75
52	1.25
53	0.25
54	0.5
55	0.0
56	1.5
57	0.25
58	0.0
59	0.25
60	1.5
61	1.5
62	1.25
63	0.0
64	0.25
65	0.75
66	0.0
67	1.25
68	0.25
69	0.25
70	1.0
71	1.75
72	1.75
73	1.5
74	0.25
75	0.75
76	1.5
77	1.5
78	0.0
79	0.0
80	1.5
81	0.25
82	0.25
83	1.5
84	1.25
85	0.75
86	0.0
87	1.5
88	0.25
89	0.0
90	1.75
91	0.25
92	0.25
93	0.0
94	0.25
95	0.25
96	0.25
97	1.5
98	1.25
99	0.0
100	0.0
101	0.75
102	0.0
103	1.5
104	0.0
105	0.5
106	1.75
107	0.5
108	0.0
109	0.0
110	0.0
111	0.0
112	0.0
