1	0.0
2	0.0
3	0.2857142857142857
4	0.0
5	0.2857142857142857
6	0.0
7	0.0
8	0.2857142857142857
9	0.2857142857142857
10	0.2857142857142857
11	0.0
12	1.1428571428571428
13	0.2857142857142857
14	0.2857142857142857
15	0.2857142857142857
16	1.1428571428571428
17	0.5714285714285714
18	0.2857142857142857
19	0.2857142857142857
20	1.4285714285714286
21	0.5714285714285714
22	0.5714285714285714
23	1.7142857142857142
24	2.0
25	0.0
26	0.0
27	0.2857142857142857
28	0.5714285714285714
29	0.8571428571428571
30	0.0
31	2.0
32	0.2857142857142857
33	1.7142857142857142
34	0.2857142857142857
35	0.5714285714285714
36	0.2857142857142857
37	1.7142857142857142
38	0.2857142857142857
39	0.5714285714285714
40	0.8571428571428571
41	0.2857142857142857
42	0.0
43	0.0
44	0.5714285714285714
45	1.7142857142857142
46	0.5714285714285714
47	1.4285714285714286
48	0.0
49	2.0
50	0.0
51	2.0
52	0.0
53	0.2857142857142857
54	1.7142857142857142
55	0.0
56	0.2857142857142857
57	1.1428571428571428
58	0.2857142857142857
59	0.8571428571428571
60	0.0
61	0.2857142857142857
62	1.4285714285714286
63	1.7142857142857142
64	0.2857142857142857
65	0.5714285714285714
66	0.2857142857142857
67	0.8571428571428571
68	0.0
69	0.2857142857142857
70	0.0
71	0.5714285714285714
72	1.7142857142857142
73	0.2857142857142857
74	1.7142857142857142
75	0.5714285714285714
76	0.5714285714285714
77	0.2857142857142857
78	1.7142857142857142
79	0.2857142857142857
80	0.0
81	0.2857142857142857
82	1.7142857142857142
83	0.2857142857142857
84	1.1428571428571428
85	0.8571428571428571
86	1.7142857142857142
87	0.2857142857142857
88	0.2857142857142857
89	0.0
90	0.0
91	0.5714285714285714
92	0.2857142857142857
93	0.0
94	0.2857142857142857
95	0.2857142857142857
96	0.2857142857142857
97	0.0
98	0.2857142857142857
99	0.0
100	0.0
101	0.2857142857142857
102	0.0
103	0.5714285714285714
104	0.0
105	0.0
106	0.0
107	0.2857142857142857
108	0.0
109	0.0
110	0.0
111	0.0
112	0.0
