1	0.0
2	0.0
3	0.25
4	0.0
5	0.25
6	0.0
7	0.0
8	0.25
9	0.25
10	1.25
11	0.0
12	0.0
13	0.25
14	0.5
15	1.5
16	0.25
17	0.25
18	1.75
19	0.25
20	0.0
21	0.0
22	0.5
23	1.25
24	0.5
25	0.25
26	1.5
27	0.5
28	1.0
29	0.25
30	1.5
31	1.5
32	0.25
33	0.5
34	0.5
35	0.25
36	1.5
37	0.25
38	1.75
39	0.25
40	0.25
41	0.25
42	0.0
43	0.0
44	0.5
45	0.0
46	0.25
47	0.25
48	0.0
49	0.25
50	0.25
51	2.0
52	0.0
53	1.5
54	1.75
55	0.0
56	1.75
57	0.0
58	0.0
59	1.5
60	0.0
61	0.0
62	0.25
63	0.0
64	1.5
65	0.5
66	0.0
67	0.5
68	1.25
69	0.25
70	0.0
71	0.5
72	0.0
73	0.25
74	0.0
75	0.5
76	0.25
77	0.0
78	0.0
79	0.0
80	0.0
81	0.25
82	0.0
83	0.0
84	1.0
85	0.75
86	1.25
87	0.0
88	0.25
89	0.25
90	1.5
91	0.25
92	1.75
93	0.0
94	1.75
95	0.5
96	0.25
97	0.0
98	0.25
99	0.0
100	1.25
101	0.25
102	0.25
103	0.5
104	1.5
105	0.0
106	1.5
107	0.5
108	0.25
109	0.0
110	0.0
111	0.0
112	0.0
