1	0.0
2	0.0
3	0.0
4	0.0
5	0.88
6	0.0
7	0.0
8	1.4666666666666666
9	0.0
10	0.0
11	0.0
12	0.0
13	0.26993865030674846
14	0.11943539630836048
15	0.0
16	0.0
17	0.0
18	0.05935251798561151
19	0.0
20	0.0
21	0.0
22	0.1484480431848853
23	0.005421389847215377
24	0.611111111111111
25	0.0
26	0.0
27	0.13959390862944163
28	0.0
29	0.2216624685138539
30	0.0
31	0.302588996763754
32	0.0
33	0.0
34	0.3583061889250814
35	0.0
36	0.0
37	0.2283737024221453
38	0.18394648829431437
39	0.0
40	0.14492753623188406
41	0.0
42	0.0
43	0.0
44	0.10078534031413612
45	0.0
46	0.225
47	0.0
48	0.0
49	0.4869791666666667
50	0.0
51	0.4266441821247892
52	0.0
53	0.0
54	0.10261194029850745
55	0.0
56	0.32077764277035237
57	0.0
58	0.0
59	0.14370546318289787
60	0.0
61	0.0
62	0.0
63	0.0
64	0.0
65	2.0
66	0.0
67	0.0
68	0.0
69	0.09205020920502091
70	0.0
71	0.3467391304347826
72	0.0
73	0.1375
74	0.0
75	0.9887640449438202
76	0.12331838565022421
77	0.0
78	0.0
79	0.0
80	0.0
81	0.05275779376498801
82	0.0
83	0.0
84	0.0
85	0.8290441176470588
86	0.0
87	0.0
88	0.0
89	0.0
90	0.0
91	0.0
92	0.3349358974358974
93	0.0
94	0.14246068455134134
95	0.18170266836086402
96	0.29814550641940085
97	0.0
98	0.0
99	0.0
100	0.0
101	0.0
102	0.0
103	0.7359154929577464
104	0.0
105	0.0
106	0.0
107	0.13391304347826086
108	0.0
109	0.0
110	0.0
111	0.0
112	0.0
