1	0.0
2	0.0
3	0.25
4	0.0
5	0.25
6	0.0
7	0.0
8	0.25
9	0.25
10	0.5
11	0.0
12	0.0
13	0.25
14	1.5
15	0.25
16	0.25
17	0.5
18	0.25
19	0.25
20	1.25
21	0.0
22	0.25
23	0.0
24	1.75
25	0.0
26	1.5
27	0.5
28	0.0
29	1.75
30	0.0
31	0.5
32	1.25
33	0.25
34	2.0
35	0.5
36	1.5
37	0.25
38	1.5
39	0.5
40	1.75
41	0.25
42	0.0
43	1.5
44	0.25
45	1.5
46	1.75
47	0.75
48	1.25
49	0.5
50	1.5
51	0.5
52	0.25
53	0.25
54	0.25
55	0.0
56	0.25
57	1.0
58	0.25
59	1.5
60	0.0
61	1.25
62	1.5
63	0.0
64	0.0
65	1.75
66	0.5
67	1.25
68	0.5
69	0.25
70	0.25
71	1.75
72	0.25
73	1.75
74	0.0
75	1.75
76	0.25
77	0.0
78	1.25
79	1.5
80	1.5
81	0.25
82	0.0
83	1.25
84	0.0
85	1.75
86	0.5
87	0.0
88	0.25
89	1.5
90	0.0
91	1.5
92	0.25
93	0.5
94	0.25
95	1.75
96	0.75
97	1.25
98	1.25
99	1.5
100	0.0
101	1.5
102	1.75
103	0.5
104	0.0
105	0.0
106	0.0
107	0.25
108	0.0
109	0.0
110	0.0
111	0.0
112	0.0
