1	0.0
2	0.0
3	0.2222222222222222
4	0.0
5	0.2222222222222222
6	0.0
7	0.0
8	0.2222222222222222
9	0.2222222222222222
10	0.2222222222222222
11	0.0
12	0.0
13	0.2222222222222222
14	0.2222222222222222
15	0.2222222222222222
16	0.2222222222222222
17	1.5555555555555556
18	0.2222222222222222
19	0.2222222222222222
20	0.0
21	0.0
22	0.4444444444444444
23	0.0
24	0.6666666666666666
25	1.1111111111111112
26	0.4444444444444444
27	0.2222222222222222
28	0.0
29	0.4444444444444444
30	0.0
31	1.3333333333333333
32	0.4444444444444444
33	0.2222222222222222
34	0.6666666666666666
35	0.2222222222222222
36	0.4444444444444444
37	0.4444444444444444
38	0.2222222222222222
39	0.4444444444444444
40	0.2222222222222222
41	0.2222222222222222
42	0.0
43	0.0
44	1.5555555555555556
45	0.0
46	0.2222222222222222
47	1.1111111111111112
48	0.2222222222222222
49	0.2222222222222222
50	1.3333333333333333
51	0.4444444444444444
52	0.2222222222222222
53	1.1111111111111112
54	0.6666666666666666
55	1.3333333333333333
56	1.3333333333333333
57	0.2222222222222222
58	1.1111111111111112
59	0.2222222222222222
60	0.0
61	0.0
62	0.4444444444444444
63	0.0
64	0.0
65	2.0
66	0.2222222222222222
67	1.3333333333333333
68	0.2222222222222222
69	0.4444444444444444
70	0.8888888888888888
71	1.5555555555555556
72	0.0
73	0.4444444444444444
74	0.2222222222222222
75	1.7777777777777777
76	0.2222222222222222
77	0.2222222222222222
78	0.0
79	1.3333333333333333
80	0.0
81	0.4444444444444444
82	0.2222222222222222
83	0.2222222222222222
84	0.2222222222222222
85	1.5555555555555556
86	1.3333333333333333
87	0.2222222222222222
88	0.2222222222222222
89	1.5555555555555556
90	0.0
91	0.4444444444444444
92	1.5555555555555556
93	0.2222222222222222
94	0.4444444444444444
95	1.5555555555555556
96	1.7777777777777777
97	0.0
98	1.1111111111111112
99	0.2222222222222222
100	1.1111111111111112
101	0.2222222222222222
102	1.1111111111111112
103	0.4444444444444444
104	0.0
105	0.0
106	0.0
107	0.2222222222222222
108	0.0
109	0.0
110	0.0
111	0.0
112	0.0
