1	0.0
2	0.0
3	0.25
4	0.0
5	0.25
6	0.0
7	0.0
8	0.25
9	0.25
10	0.25
11	0.0
12	0.0
13	1.75
14	0.25
15	1.75
16	0.0
17	1.75
18	0.25
19	0.25
20	0.25
21	0.0
22	2.0
23	0.0
24	0.5
25	0.0
26	1.75
27	0.5
28	0.25
29	0.25
30	1.25
31	0.75
32	1.75
33	1.75
34	1.75
35	0.25
36	0.25
37	0.25
38	0.25
39	1.75
40	1.75
41	0.5
42	1.5
43	1.25
44	0.5
45	1.5
46	0.25
47	0.75
48	1.25
49	0.5
50	1.5
51	0.75
52	1.25
53	0.0
54	0.5
55	0.0
56	0.25
57	1.25
58	0.25
59	1.5
60	0.25
61	0.0
62	1.5
63	0.0
64	1.25
65	0.5
66	0.25
67	0.25
68	0.25
69	1.5
70	0.25
71	1.75
72	0.25
73	0.25
74	0.5
75	1.75
76	0.5
77	0.25
78	1.25
79	1.5
80	0.0
81	0.5
82	1.25
83	0.25
84	1.0
85	0.5
86	0.25
87	0.25
88	1.25
89	0.25
90	1.5
91	0.25
92	1.75
93	0.0
94	0.75
95	0.25
96	0.25
97	1.5
98	0.25
99	1.25
100	0.0
101	1.5
102	0.25
103	0.5
104	0.0
105	0.25
106	1.25
107	1.5
108	0.0
109	0.0
110	0.0
111	0.0
112	0.0
