1	0.0
2	0.0
3	0.25
4	0.0
5	0.25
6	0.0
7	0.0
8	0.25
9	0.25
10	1.5
11	0.25
12	0.0
13	0.5
14	0.25
15	0.25
16	1.25
17	0.25
18	0.25
19	0.5
20	1.5
21	1.75
22	0.25
23	1.5
24	0.5
25	0.0
26	1.5
27	1.75
28	1.0
29	0.5
30	1.25
31	0.75
32	0.25
33	1.5
34	0.25
35	1.25
36	0.5
37	0.25
38	1.75
39	0.5
40	0.25
41	0.75
42	0.0
43	0.25
44	1.75
45	0.0
46	1.5
47	0.5
48	1.25
49	0.75
50	1.5
51	0.75
52	1.25
53	0.25
54	0.5
55	1.25
56	0.25
57	0.0
58	1.25
59	0.5
60	1.5
61	0.0
62	0.25
63	1.25
64	0.25
65	1.75
66	0.25
67	0.25
68	0.5
69	0.25
70	0.0
71	0.75
72	0.5
73	0.25
74	1.75
75	0.75
76	0.75
77	0.25
78	0.0
79	1.25
80	0.0
81	0.25
82	0.25
83	0.0
84	0.25
85	2.0
86	0.25
87	1.5
88	1.75
89	0.25
90	1.75
91	0.5
92	1.75
93	1.5
94	2.0
95	0.25
96	1.5
97	1.5
98	0.5
99	0.0
100	0.0
101	0.5
102	1.75
103	0.5
104	0.0
105	0.0
106	1.25
107	1.75
108	0.25
109	0.0
110	0.0
111	0.0
112	0.0
