1	0.0
2	0.0
3	0.25
4	0.0
5	0.25
6	0.0
7	0.0
8	0.25
9	0.25
10	1.5
11	0.25
12	1.0
13	0.25
14	0.75
15	1.5
16	0.0
17	1.5
18	0.5
19	0.25
20	0.0
21	0.25
22	0.5
23	0.25
24	0.75
25	0.0
26	1.75
27	0.5
28	1.25
29	0.5
30	1.25
31	0.25
32	0.75
33	1.25
34	0.5
35	1.25
36	0.5
37	0.75
38	0.25
39	0.25
40	1.75
41	0.5
42	1.5
43	0.0
44	1.5
45	0.25
46	0.5
47	1.5
48	0.0
49	0.5
50	0.0
51	0.5
52	0.0
53	1.25
54	0.25
55	1.5
56	0.25
57	0.0
58	1.25
59	1.75
60	0.0
61	0.5
62	0.25
63	1.25
64	0.0
65	0.75
66	0.0
67	1.25
68	0.25
69	0.25
70	1.25
71	0.5
72	0.0
73	1.75
74	0.25
75	0.5
76	2.0
77	0.0
78	1.25
79	0.25
80	1.5
81	0.25
82	1.5
83	0.0
84	0.0
85	0.5
86	1.75
87	0.25
88	1.5
89	0.0
90	1.75
91	0.25
92	0.5
93	1.0
94	0.5
95	2.0
96	0.5
97	0.25
98	1.75
99	0.5
100	0.0
101	0.75
102	1.75
103	1.75
104	1.5
105	0.25
106	1.25
107	0.5
108	0.0
109	0.0
110	0.0
111	0.0
112	0.0
