1	0.0
2	0.0
3	0.25
4	0.0
5	0.25
6	0.0
7	0.0
8	0.25
9	0.25
10	0.25
11	0.0
12	0.0
13	1.5
14	0.5
15	0.25
16	0.0
17	0.5
18	1.75
19	0.5
20	0.0
21	0.25
22	1.5
23	0.0
24	0.25
25	0.5
26	0.0
27	1.5
28	0.0
29	0.5
30	1.5
31	0.25
32	1.5
33	0.25
34	1.5
35	0.5
36	0.25
37	1.75
38	0.75
39	0.0
40	0.25
41	0.5
42	0.25
43	0.0
44	0.25
45	1.5
46	0.25
47	1.5
48	0.0
49	0.25
50	0.5
51	1.5
52	0.25
53	0.0
54	1.75
55	0.0
56	1.75
57	0.0
58	0.25
59	1.5
60	0.0
61	0.25
62	0.25
63	0.0
64	1.25
65	0.75
66	1.5
67	0.25
68	0.25
69	0.25
70	1.25
71	0.5
72	0.0
73	0.25
74	0.25
75	1.75
76	0.25
77	0.25
78	1.25
79	0.25
80	0.25
81	0.5
82	0.25
83	1.5
84	0.25
85	0.5
86	0.0
87	0.5
88	1.25
89	0.25
90	0.0
91	1.5
92	0.25
93	0.0
94	2.0
95	0.25
96	0.5
97	1.5
98	0.25
99	1.25
100	0.0
101	0.75
102	1.5
103	0.75
104	0.25
105	1.25
106	0.0
107	0.25
108	1.0
109	0.0
110	0.0
111	0.0
112	0.0
