1	0.0
2	0.0
3	0.25
4	0.0
5	0.25
6	0.0
7	0.0
8	0.25
9	0.25
10	0.25
11	0.25
12	0.0
13	2.0
14	0.5
15	1.25
16	0.0
17	1.75
18	0.25
19	0.25
20	1.25
21	1.5
22	0.25
23	0.0
24	1.75
25	0.0
26	1.25
27	0.5
28	1.0
29	0.5
30	0.0
31	1.75
32	0.75
33	0.25
34	0.75
35	0.25
36	0.5
37	0.25
38	0.25
39	1.5
40	0.25
41	1.25
42	0.25
43	0.0
44	0.5
45	0.0
46	2.0
47	0.25
48	0.0
49	0.25
50	0.25
51	1.75
52	0.0
53	0.25
54	0.25
55	0.25
56	0.25
57	0.0
58	1.25
59	0.5
60	1.75
61	0.25
62	0.25
63	1.25
64	0.25
65	1.0
66	1.25
67	0.75
68	1.0
69	0.5
70	1.25
71	0.5
72	1.5
73	0.25
74	0.0
75	1.75
76	0.75
77	0.25
78	0.0
79	1.25
80	0.25
81	0.25
82	0.0
83	1.75
84	1.25
85	0.5
86	0.5
87	1.5
88	1.5
89	0.0
90	1.25
91	0.25
92	0.5
93	1.0
94	0.5
95	0.25
96	0.25
97	1.25
98	0.25
99	1.5
100	0.25
101	0.5
102	1.75
103	0.5
104	1.75
105	1.0
106	0.0
107	0.25
108	0.0
109	0.0
110	0.0
111	0.0
112	0.0
