1	0.0
2	0.0
3	0.25
4	0.0
5	0.25
6	0.0
7	0.0
8	0.25
9	0.25
10	0.25
11	0.25
12	0.25
13	1.75
14	0.25
15	0.25
16	0.0
17	1.5
18	0.25
19	0.25
20	0.25
21	0.0
22	1.5
23	0.0
24	0.5
25	0.0
26	0.0
27	1.5
28	0.0
29	0.5
30	1.25
31	0.25
32	0.5
33	1.25
34	0.5
35	1.25
36	1.5
37	0.25
38	0.25
39	0.0
40	1.75
41	0.25
42	0.0
43	1.5
44	0.25
45	1.75
46	0.5
47	0.25
48	1.5
49	1.5
50	0.25
51	0.5
52	0.0
53	1.5
54	0.5
55	0.25
56	2.0
57	0.0
58	0.0
59	0.25
60	1.5
61	0.0
62	1.5
63	0.0
64	1.5
65	0.5
66	0.0
67	0.5
68	0.25
69	0.25
70	0.0
71	0.5
72	0.0
73	0.25
74	0.0
75	0.5
76	1.75
77	0.25
78	1.25
79	0.25
80	0.25
81	0.5
82	0.25
83	0.5
84	0.0
85	2.0
86	0.0
87	1.5
88	0.5
89	0.0
90	0.5
91	0.25
92	0.5
93	1.25
94	0.5
95	0.25
96	0.25
97	0.25
98	1.25
99	0.0
100	0.25
101	1.25
102	0.5
103	0.75
104	0.0
105	0.25
106	1.25
107	0.5
108	0.0
109	0.0
110	0.0
111	0.0
112	0.0
