1	0.0
2	0.0
3	0.25
4	0.0
5	0.25
6	0.0
7	0.0
8	0.25
9	0.25
10	0.25
11	1.0
12	0.5
13	0.25
14	1.75
15	0.75
16	1.25
17	0.5
18	0.25
19	1.75
20	0.25
21	1.25
22	0.25
23	1.5
24	0.5
25	1.5
26	0.0
27	0.25
28	0.0
29	1.5
30	0.25
31	1.75
32	0.25
33	1.75
34	0.25
35	0.5
36	1.25
37	0.25
38	0.25
39	1.5
40	0.25
41	0.75
42	0.25
43	1.5
44	0.5
45	0.25
46	0.25
47	0.5
48	1.25
49	0.75
50	0.25
51	1.75
52	0.0
53	0.0
54	1.5
55	0.5
56	0.5
57	0.0
58	1.75
59	1.5
60	0.0
61	0.25
62	1.25
63	0.0
64	0.25
65	0.75
66	1.25
67	0.25
68	1.0
69	0.5
70	1.25
71	1.75
72	0.0
73	1.75
74	0.25
75	1.75
76	0.5
77	1.5
78	0.5
79	0.0
80	0.0
81	0.25
82	1.5
83	0.0
84	0.0
85	0.5
86	1.5
87	0.25
88	0.5
89	0.0
90	1.5
91	0.25
92	2.0
93	0.0
94	0.25
95	0.25
96	0.5
97	0.0
98	0.25
99	0.25
100	1.25
101	1.5
102	0.25
103	0.5
104	0.5
105	1.25
106	0.0
107	0.25
108	0.0
109	0.0
110	0.0
111	0.0
112	0.0
