1	0.0
2	0.0
3	0.25
4	0.0
5	0.25
6	0.0
7	0.0
8	0.25
9	0.25
10	0.25
11	1.25
12	0.0
13	0.75
14	1.5
15	0.25
16	1.0
17	1.5
18	0.25
19	0.25
20	0.0
21	0.25
22	0.25
23	0.0
24	0.5
25	0.0
26	0.0
27	0.5
28	0.0
29	1.75
30	0.25
31	1.75
32	0.25
33	1.75
34	0.25
35	1.75
36	0.25
37	0.5
38	1.75
39	1.25
40	0.5
41	0.5
42	0.0
43	0.0
44	1.5
45	0.0
46	0.5
47	0.25
48	0.0
49	0.5
50	1.25
51	1.75
52	1.25
53	0.25
54	1.5
55	0.25
56	0.5
57	0.0
58	0.0
59	2.0
60	1.5
61	0.25
62	1.5
63	0.0
64	0.0
65	0.5
66	1.5
67	0.25
68	1.0
69	0.25
70	0.0
71	2.0
72	0.0
73	1.75
74	0.25
75	1.75
76	0.25
77	1.25
78	0.0
79	0.25
80	1.5
81	0.25
82	0.0
83	1.25
84	0.0
85	1.75
86	0.5
87	0.0
88	1.25
89	0.0
90	0.25
91	0.25
92	0.25
93	0.0
94	1.75
95	0.25
96	1.5
97	0.0
98	1.5
99	1.25
100	0.0
101	0.25
102	0.25
103	0.5
104	0.0
105	0.0
106	0.0
107	0.25
108	0.0
109	0.0
110	0.0
111	0.0
112	0.0
