1	0.0
2	0.0
3	0.25
4	0.0
5	0.25
6	0.0
7	0.0
8	0.25
9	0.25
10	0.25
11	0.25
12	0.0
13	0.5
14	1.5
15	0.25
16	0.25
17	1.25
18	0.5
19	1.5
20	0.0
21	1.75
22	0.25
23	0.0
24	0.25
25	1.25
26	0.5
27	1.5
28	0.25
29	0.5
30	0.0
31	0.5
32	0.5
33	1.25
34	0.75
35	1.25
36	0.5
37	1.75
38	0.75
39	0.25
40	1.75
41	0.25
42	1.75
43	0.0
44	1.75
45	0.0
46	0.25
47	0.5
48	1.25
49	0.25
50	0.25
51	1.75
52	1.5
53	0.0
54	1.5
55	0.0
56	2.0
57	0.25
58	0.0
59	0.25
60	0.0
61	1.5
62	0.25
63	0.25
64	1.25
65	0.75
66	1.25
67	0.25
68	1.5
69	0.5
70	0.0
71	0.5
72	0.0
73	0.25
74	0.0
75	0.5
76	0.25
77	0.0
78	0.0
79	0.0
80	1.5
81	0.25
82	0.25
83	0.0
84	1.0
85	0.5
86	0.0
87	0.5
88	1.25
89	0.0
90	1.5
91	0.25
92	1.75
93	0.25
94	0.5
95	0.5
96	0.5
97	1.25
98	0.25
99	1.5
100	1.75
101	0.25
102	0.5
103	1.75
104	0.0
105	0.25
106	0.0
107	2.0
108	0.0
109	0.0
110	0.0
111	0.0
112	0.0
