1	0.0
2	0.0
3	0.25
4	0.0
5	0.25
6	0.0
7	0.0
8	0.25
9	0.25
10	0.25
11	0.0
12	0.0
13	0.25
14	0.25
15	0.25
16	0.0
17	0.25
18	0.25
19	0.25
20	0.0
21	0.0
22	0.25
23	0.0
24	0.25
25	0.0
26	0.0
27	0.5
28	1.0
29	0.75
30	1.5
31	1.5
32	0.5
33	0.5
34	1.5
35	0.25
36	1.5
37	1.5
38	0.25
39	1.5
40	0.25
41	0.5
42	1.5
43	0.5
44	1.5
45	0.25
46	0.25
47	1.5
48	0.0
49	0.5
50	1.25
51	2.0
52	0.0
53	0.0
54	1.5
55	0.0
56	0.25
57	0.0
58	1.25
59	0.5
60	1.25
61	0.25
62	1.25
63	0.25
64	0.0
65	2.0
66	1.25
67	0.25
68	1.25
69	0.25
70	0.25
71	1.75
72	0.25
73	0.5
74	1.5
75	0.5
76	2.0
77	1.25
78	0.0
79	1.5
80	0.25
81	0.25
82	0.0
83	1.5
84	0.0
85	1.75
86	0.5
87	0.0
88	0.5
89	1.5
90	0.5
91	1.5
92	0.5
93	0.0
94	0.25
95	0.5
96	0.5
97	1.0
98	0.25
99	1.75
100	0.0
101	0.5
102	0.0
103	0.75
104	1.25
105	0.0
106	0.25
107	0.75
108	0.0
109	0.0
110	0.0
111	0.0
112	0.0
