1	0.0
2	0.0
3	0.25
4	0.0
5	0.25
6	0.0
7	0.0
8	0.25
9	1.25
10	1.5
11	0.5
12	1.5
13	0.25
14	0.25
15	0.5
16	1.0
17	0.5
18	1.5
19	0.5
20	1.25
21	1.5
22	0.25
23	1.25
24	0.25
25	0.0
26	1.5
27	0.75
28	1.0
29	0.25
30	1.5
31	0.5
32	0.25
33	1.75
34	1.75
35	0.5
36	1.25
37	1.5
38	0.25
39	0.0
40	1.75
41	0.5
42	0.0
43	0.25
44	0.25
45	1.75
46	0.5
47	0.5
48	1.25
49	0.25
50	0.25
51	1.75
52	0.0
53	0.25
54	0.5
55	0.5
56	1.75
57	0.25
58	0.0
59	1.5
60	0.0
61	0.5
62	0.5
63	1.5
64	1.5
65	1.0
66	1.5
67	0.75
68	0.0
69	0.25
70	0.25
71	1.75
72	0.25
73	0.25
74	1.5
75	0.75
76	0.25
77	0.0
78	0.0
79	0.0
80	0.0
81	0.25
82	1.5
83	0.0
84	1.25
85	0.5
86	0.25
87	1.25
88	0.25
89	0.0
90	1.75
91	0.25
92	0.25
93	1.0
94	0.5
95	2.0
96	0.5
97	0.25
98	1.75
99	0.0
100	0.0
101	0.25
102	0.5
103	0.5
104	0.25
105	1.25
106	0.25
107	0.25
108	0.0
109	0.0
110	0.0
111	0.0
112	0.0
