1	0.0
2	0.0
3	0.25
4	0.0
5	0.25
6	0.0
7	0.0
8	0.25
9	0.25
10	0.25
11	1.0
12	0.0
13	0.25
14	0.25
15	1.75
16	0.0
17	0.5
18	1.75
19	0.5
20	0.0
21	1.5
22	0.25
23	0.0
24	1.5
25	1.5
26	0.0
27	0.5
28	0.0
29	0.25
30	1.5
31	0.5
32	0.5
33	1.75
34	0.5
35	1.25
36	0.25
37	0.75
38	0.25
39	0.0
40	0.25
41	0.25
42	0.25
43	1.75
44	1.75
45	0.0
46	0.5
47	0.5
48	0.0
49	0.75
50	0.0
51	1.75
52	0.25
53	1.25
54	0.25
55	1.5
56	0.25
57	1.0
58	0.25
59	0.5
60	0.25
61	0.25
62	1.25
63	1.5
64	0.0
65	0.5
66	1.25
67	0.25
68	0.25
69	1.5
70	0.25
71	2.0
72	0.25
73	0.25
74	1.5
75	0.75
76	0.75
77	0.0
78	1.25
79	0.0
80	1.5
81	0.25
82	0.25
83	1.25
84	0.25
85	0.5
86	0.5
87	1.25
88	0.5
89	1.5
90	0.0
91	0.5
92	1.75
93	0.25
94	0.25
95	0.25
96	0.25
97	0.0
98	0.25
99	1.25
100	1.5
101	0.25
102	1.25
103	0.75
104	0.25
105	0.25
106	1.75
107	0.25
108	0.0
109	0.0
110	0.0
111	0.0
112	0.0
