1	0.0
2	0.0
3	0.25
4	0.0
5	0.25
6	0.0
7	0.0
8	0.25
9	0.25
10	0.25
11	0.0
12	0.0
13	0.25
14	0.25
15	1.75
16	0.0
17	0.5
18	0.25
19	1.5
20	0.0
21	1.5
22	2.0
23	0.0
24	0.5
25	1.25
26	0.5
27	2.0
28	0.0
29	0.5
30	0.25
31	0.25
32	1.5
33	1.5
34	0.25
35	0.25
36	1.25
37	0.75
38	1.5
39	0.25
40	1.5
41	0.5
42	0.5
43	1.5
44	0.25
45	0.25
46	1.75
47	1.5
48	0.25
49	1.75
50	0.0
51	0.75
52	0.0
53	1.5
54	0.75
55	1.5
56	0.25
57	1.25
58	0.0
59	0.5
60	0.0
61	1.25
62	0.5
63	0.0
64	0.0
65	2.0
66	0.0
67	1.25
68	1.5
69	0.25
70	0.25
71	0.5
72	0.25
73	0.25
74	1.75
75	0.5
76	0.5
77	0.0
78	0.25
79	1.25
80	1.25
81	0.25
82	1.25
83	1.75
84	0.0
85	0.5
86	0.5
87	1.5
88	0.5
89	1.5
90	0.25
91	1.5
92	0.25
93	0.25
94	0.25
95	0.25
96	0.75
97	1.0
98	0.75
99	0.0
100	0.25
101	0.25
102	0.0
103	0.5
104	0.5
105	1.0
106	0.0
107	0.25
108	0.0
109	0.0
110	0.0
111	0.0
112	0.0
