1	0.0
2	0.0
3	0.25
4	0.0
5	0.25
6	0.0
7	0.0
8	0.25
9	0.25
10	0.25
11	0.0
12	0.0
13	0.25
14	0.25
15	0.25
16	1.5
17	0.25
18	0.25
19	0.25
20	0.0
21	1.5
22	1.5
23	0.0
24	0.5
25	0.0
26	1.5
27	0.75
28	0.0
29	1.75
30	0.25
31	0.5
32	0.5
33	1.5
34	1.75
35	0.75
36	1.25
37	1.5
38	1.75
39	0.0
40	0.25
41	0.25
42	0.25
43	1.25
44	1.5
45	1.75
46	0.25
47	0.25
48	0.0
49	1.5
50	0.5
51	1.5
52	0.0
53	0.0
54	0.25
55	0.0
56	2.0
57	0.0
58	0.0
59	0.25
60	0.25
61	1.75
62	0.5
63	0.25
64	1.25
65	0.5
66	1.5
67	1.5
68	0.0
69	0.25
70	0.0
71	0.5
72	0.0
73	0.25
74	0.0
75	0.5
76	0.25
77	0.0
78	0.0
79	0.0
80	0.0
81	0.25
82	0.0
83	0.0
84	1.25
85	0.75
86	0.25
87	0.0
88	0.25
89	1.25
90	0.0
91	0.25
92	0.25
93	0.0
94	0.25
95	0.25
96	0.25
97	0.0
98	0.25
99	0.25
100	1.25
101	0.25
102	0.0
103	0.5
104	0.0
105	0.0
106	0.0
107	0.25
108	0.0
109	0.0
110	0.0
111	0.0
112	0.0
