1	0.0
2	0.0
3	0.2222222222222222
4	0.0
5	0.2222222222222222
6	0.0
7	0.0
8	0.2222222222222222
9	0.2222222222222222
10	0.2222222222222222
11	0.0
12	0.0
13	0.2222222222222222
14	1.3333333333333333
15	0.4444444444444444
16	0.0
17	1.3333333333333333
18	0.4444444444444444
19	0.2222222222222222
20	0.0
21	0.0
22	0.2222222222222222
23	1.1111111111111112
24	0.4444444444444444
25	0.0
26	1.5555555555555556
27	0.2222222222222222
28	0.8888888888888888
29	1.5555555555555556
30	0.0
31	1.5555555555555556
32	0.4444444444444444
33	1.1111111111111112
34	0.4444444444444444
35	1.3333333333333333
36	0.4444444444444444
37	0.2222222222222222
38	1.5555555555555556
39	0.0
40	1.3333333333333333
41	0.2222222222222222
42	0.2222222222222222
43	0.0
44	0.2222222222222222
45	1.3333333333333333
46	0.2222222222222222
47	0.2222222222222222
48	0.0
49	1.5555555555555556
50	1.3333333333333333
51	0.6666666666666666
52	1.1111111111111112
53	0.2222222222222222
54	1.5555555555555556
55	0.0
56	0.2222222222222222
57	0.8888888888888888
58	0.0
59	1.5555555555555556
60	0.2222222222222222
61	0.0
62	1.1111111111111112
63	0.2222222222222222
64	0.0
65	0.4444444444444444
66	0.0
67	1.5555555555555556
68	0.0
69	0.2222222222222222
70	0.8888888888888888
71	0.4444444444444444
72	1.1111111111111112
73	0.4444444444444444
74	0.2222222222222222
75	2.0
76	0.2222222222222222
77	1.5555555555555556
78	1.3333333333333333
79	0.4444444444444444
80	0.0
81	1.5555555555555556
82	0.0
83	0.0
84	1.1111111111111112
85	0.8888888888888888
86	0.4444444444444444
87	1.1111111111111112
88	0.4444444444444444
89	1.5555555555555556
90	0.0
91	1.5555555555555556
92	0.6666666666666666
93	0.0
94	0.2222222222222222
95	1.3333333333333333
96	1.3333333333333333
97	0.2222222222222222
98	1.1111111111111112
99	0.2222222222222222
100	0.0
101	0.4444444444444444
102	0.0
103	0.4444444444444444
104	0.0
105	1.1111111111111112
106	0.0
107	0.4444444444444444
108	0.0
109	0.0
110	0.0
111	0.0
112	0.0
