1	0.0
2	0.0
3	0.2222222222222222
4	0.0
5	0.2222222222222222
6	0.0
7	0.0
8	0.2222222222222222
9	0.2222222222222222
10	0.4444444444444444
11	0.0
12	0.0
13	0.2222222222222222
14	0.2222222222222222
15	1.1111111111111112
16	0.0
17	0.2222222222222222
18	0.2222222222222222
19	1.1111111111111112
20	0.0
21	1.3333333333333333
22	0.4444444444444444
23	1.3333333333333333
24	0.2222222222222222
25	0.0
26	0.0
27	0.2222222222222222
28	0.0
29	1.5555555555555556
30	0.0
31	0.2222222222222222
32	0.6666666666666666
33	0.2222222222222222
34	0.2222222222222222
35	1.3333333333333333
36	0.2222222222222222
37	1.5555555555555556
38	0.2222222222222222
39	0.2222222222222222
40	1.3333333333333333
41	0.6666666666666666
42	0.0
43	1.1111111111111112
44	1.5555555555555556
45	1.1111111111111112
46	0.4444444444444444
47	1.3333333333333333
48	0.2222222222222222
49	1.3333333333333333
50	0.2222222222222222
51	1.3333333333333333
52	0.0
53	0.2222222222222222
54	0.2222222222222222
55	0.2222222222222222
56	0.2222222222222222
57	0.0
58	0.4444444444444444
59	0.2222222222222222
60	1.3333333333333333
61	0.0
62	0.2222222222222222
63	1.1111111111111112
64	0.0
65	1.7777777777777777
66	0.0
67	1.1111111111111112
68	0.2222222222222222
69	1.3333333333333333
70	0.2222222222222222
71	0.6666666666666666
72	1.3333333333333333
73	0.2222222222222222
74	0.4444444444444444
75	1.7777777777777777
76	0.4444444444444444
77	1.1111111111111112
78	0.0
79	1.3333333333333333
80	0.0
81	0.2222222222222222
82	1.3333333333333333
83	0.2222222222222222
84	0.0
85	2.0
86	0.0
87	1.1111111111111112
88	0.2222222222222222
89	1.3333333333333333
90	0.4444444444444444
91	0.2222222222222222
92	0.2222222222222222
93	1.3333333333333333
94	1.5555555555555556
95	0.4444444444444444
96	1.3333333333333333
97	0.2222222222222222
98	1.3333333333333333
99	0.2222222222222222
100	0.2222222222222222
101	1.3333333333333333
102	0.2222222222222222
103	1.5555555555555556
104	1.1111111111111112
105	1.1111111111111112
106	1.1111111111111112
107	0.4444444444444444
108	0.0
109	0.0
110	0.0
111	0.0
112	0.0
