1	0.0
2	0.0
3	0.25
4	0.0
5	0.25
6	0.0
7	0.0
8	0.25
9	0.25
10	0.25
11	0.25
12	0.0
13	1.5
14	0.5
15	1.5
16	0.0
17	1.75
18	0.25
19	0.5
20	0.0
21	1.25
22	0.5
23	0.0
24	0.25
25	1.5
26	1.25
27	0.25
28	0.0
29	0.5
30	0.25
31	1.75
32	0.25
33	0.25
34	1.75
35	0.75
36	1.25
37	0.5
38	1.75
39	0.5
40	0.25
41	1.5
42	0.25
43	0.0
44	1.75
45	1.75
46	0.5
47	1.25
48	0.25
49	1.75
50	0.5
51	1.0
52	0.0
53	1.25
54	0.25
55	0.5
56	1.5
57	0.0
58	1.25
59	0.25
60	1.25
61	0.5
62	1.25
63	1.25
64	0.0
65	0.75
66	1.75
67	0.5
68	1.5
69	0.25
70	0.0
71	0.5
72	1.5
73	0.5
74	0.25
75	2.0
76	2.0
77	0.0
78	0.0
79	1.5
80	0.0
81	0.5
82	0.0
83	0.5
84	1.25
85	0.75
86	0.0
87	0.0
88	0.25
89	1.25
90	0.5
91	0.5
92	2.0
93	0.0
94	0.5
95	0.5
96	0.25
97	0.0
98	0.25
99	0.5
100	0.0
101	0.25
102	0.0
103	1.5
104	0.0
105	0.25
106	1.25
107	0.25
108	0.25
109	0.0
110	0.0
111	0.0
112	0.0
