1	0.0
2	0.0
3	0.25
4	0.0
5	0.25
6	0.0
7	0.0
8	0.25
9	0.25
10	1.5
11	0.0
12	0.0
13	0.25
14	2.0
15	1.25
16	0.0
17	1.25
18	0.25
19	0.5
20	0.0
21	1.75
22	0.75
23	0.0
24	0.25
25	1.5
26	0.25
27	0.25
28	0.0
29	1.75
30	0.0
31	0.25
32	0.25
33	0.25
34	0.25
35	1.75
36	1.5
37	0.75
38	0.25
39	1.5
40	0.25
41	1.25
42	0.25
43	0.0
44	0.25
45	0.0
46	0.25
47	0.5
48	0.0
49	0.25
50	0.0
51	0.75
52	0.0
53	0.0
54	0.25
55	0.0
56	0.25
57	0.25
58	0.0
59	0.25
60	0.0
61	0.0
62	1.25
63	0.0
64	0.25
65	2.0
66	0.0
67	1.75
68	0.0
69	0.25
70	0.5
71	0.5
72	0.25
73	1.5
74	0.25
75	1.75
76	0.25
77	0.0
78	0.0
79	0.0
80	0.0
81	0.25
82	0.0
83	0.0
84	0.0
85	0.5
86	0.0
87	0.0
88	0.25
89	0.0
90	0.0
91	0.25
92	0.25
93	0.0
94	0.25
95	0.25
96	0.25
97	0.0
98	0.25
99	0.0
100	0.0
101	0.25
102	0.0
103	0.5
104	0.0
105	0.0
106	1.25
107	0.25
108	0.0
109	0.0
110	0.0
111	0.0
112	0.0
