1	0.0
2	0.0
3	0.2222222222222222
4	0.0
5	0.2222222222222222
6	0.0
7	0.0
8	0.2222222222222222
9	0.2222222222222222
10	0.2222222222222222
11	0.0
12	0.0
13	1.5555555555555556
14	0.2222222222222222
15	1.1111111111111112
16	0.0
17	0.2222222222222222
18	0.4444444444444444
19	1.3333333333333333
20	0.0
21	1.3333333333333333
22	1.5555555555555556
23	0.0
24	0.4444444444444444
25	1.1111111111111112
26	0.2222222222222222
27	0.4444444444444444
28	0.8888888888888888
29	0.4444444444444444
30	0.2222222222222222
31	0.2222222222222222
32	0.4444444444444444
33	1.5555555555555556
34	0.2222222222222222
35	1.1111111111111112
36	0.2222222222222222
37	0.2222222222222222
38	1.3333333333333333
39	0.0
40	1.5555555555555556
41	0.2222222222222222
42	1.3333333333333333
43	0.2222222222222222
44	1.3333333333333333
45	0.0
46	0.2222222222222222
47	1.3333333333333333
48	0.2222222222222222
49	1.5555555555555556
50	0.2222222222222222
51	0.4444444444444444
52	0.4444444444444444
53	1.3333333333333333
54	0.2222222222222222
55	0.0
56	1.3333333333333333
57	0.2222222222222222
58	1.3333333333333333
59	0.2222222222222222
60	0.4444444444444444
61	1.5555555555555556
62	0.2222222222222222
63	1.3333333333333333
64	0.0
65	2.0
66	0.0
67	0.4444444444444444
68	0.2222222222222222
69	0.2222222222222222
70	1.1111111111111112
71	0.4444444444444444
72	0.0
73	1.5555555555555556
74	0.0
75	0.6666666666666666
76	1.3333333333333333
77	0.2222222222222222
78	0.2222222222222222
79	0.2222222222222222
80	0.0
81	0.4444444444444444
82	1.5555555555555556
83	0.0
84	0.2222222222222222
85	1.5555555555555556
86	0.2222222222222222
87	0.0
88	1.3333333333333333
89	0.0
90	0.4444444444444444
91	1.5555555555555556
92	0.4444444444444444
93	0.8888888888888888
94	0.4444444444444444
95	0.2222222222222222
96	1.7777777777777777
97	0.0
98	1.5555555555555556
99	0.0
100	0.0
101	1.1111111111111112
102	0.2222222222222222
103	1.7777777777777777
104	1.1111111111111112
105	0.2222222222222222
106	1.1111111111111112
107	1.3333333333333333
108	0.0
109	0.0
110	0.0
111	0.0
112	0.0
