1	0.0
2	0.0
3	0.25
4	0.0
5	0.25
6	0.0
7	0.0
8	0.25
9	0.25
10	0.25
11	0.0
12	0.0
13	0.5
14	1.5
15	0.5
16	0.0
17	1.5
18	0.5
19	1.5
20	0.0
21	1.5
22	0.25
23	0.0
24	0.5
25	1.5
26	0.0
27	1.75
28	0.0
29	0.5
30	1.25
31	0.25
32	0.75
33	1.25
34	0.5
35	1.5
36	1.5
37	0.25
38	1.75
39	0.0
40	0.25
41	0.5
42	1.75
43	0.25
44	0.25
45	0.5
46	0.25
47	0.5
48	0.0
49	1.5
50	0.5
51	0.75
52	0.0
53	1.25
54	0.5
55	0.0
56	1.75
57	0.25
58	1.25
59	1.5
60	0.25
61	0.25
62	1.25
63	0.0
64	0.25
65	0.5
66	1.5
67	0.25
68	1.0
69	0.75
70	0.0
71	2.0
72	0.25
73	1.75
74	0.25
75	1.75
76	0.5
77	0.0
78	0.25
79	1.5
80	0.25
81	0.25
82	1.5
83	0.0
84	0.25
85	0.5
86	0.25
87	0.25
88	1.75
89	0.0
90	1.25
91	0.75
92	0.5
93	0.0
94	0.5
95	1.75
96	2.0
97	0.0
98	1.25
99	0.25
100	0.0
101	1.5
102	1.75
103	0.5
104	1.25
105	1.0
106	0.0
107	0.25
108	0.0
109	0.0
110	0.0
111	0.0
112	0.0
