1	0.0
2	0.0
3	0.25
4	0.0
5	0.25
6	0.0
7	0.0
8	0.25
9	0.25
10	1.5
11	0.0
12	1.25
13	0.5
14	0.25
15	1.5
16	0.0
17	0.25
18	0.25
19	0.25
20	0.0
21	0.25
22	0.25
23	0.0
24	2.0
25	0.0
26	0.0
27	1.5
28	0.0
29	0.5
30	1.25
31	0.25
32	0.25
33	0.25
34	0.75
35	0.25
36	1.5
37	1.5
38	1.75
39	0.0
40	0.5
41	1.25
42	0.25
43	0.25
44	1.5
45	0.5
46	0.5
47	0.25
48	0.25
49	1.5
50	0.5
51	0.5
52	0.0
53	0.0
54	0.25
55	0.0
56	1.5
57	0.0
58	1.25
59	0.25
60	1.75
61	0.25
62	0.25
63	0.0
64	1.5
65	0.5
66	1.75
67	0.25
68	0.5
69	0.25
70	1.25
71	0.5
72	0.0
73	0.25
74	0.0
75	0.5
76	0.25
77	0.0
78	0.0
79	0.0
80	0.0
81	0.25
82	0.25
83	0.0
84	1.25
85	0.5
86	0.5
87	0.25
88	0.75
89	1.25
90	0.5
91	0.25
92	1.5
93	0.0
94	1.75
95	1.75
96	0.25
97	0.0
98	0.25
99	0.5
100	0.0
101	0.75
102	0.0
103	1.75
104	1.25
105	0.25
106	0.25
107	2.0
108	0.0
109	0.0
110	0.0
111	0.0
112	0.0
