1	0.0
2	0.0
3	0.2222222222222222
4	0.0
5	0.2222222222222222
6	0.0
7	0.0
8	0.2222222222222222
9	0.4444444444444444
10	0.2222222222222222
11	1.1111111111111112
12	0.0
13	0.4444444444444444
14	1.5555555555555556
15	0.2222222222222222
16	0.0
17	0.2222222222222222
18	0.2222222222222222
19	0.4444444444444444
20	0.0
21	0.2222222222222222
22	1.5555555555555556
23	0.0
24	1.7777777777777777
25	0.0
26	0.2222222222222222
27	0.2222222222222222
28	1.1111111111111112
29	0.2222222222222222
30	0.0
31	1.3333333333333333
32	0.4444444444444444
33	0.6666666666666666
34	1.5555555555555556
35	1.5555555555555556
36	0.2222222222222222
37	0.2222222222222222
38	0.4444444444444444
39	0.2222222222222222
40	1.3333333333333333
41	0.4444444444444444
42	0.0
43	0.0
44	1.3333333333333333
45	0.4444444444444444
46	0.2222222222222222
47	1.3333333333333333
48	0.0
49	0.2222222222222222
50	0.2222222222222222
51	1.3333333333333333
52	0.0
53	0.4444444444444444
54	1.5555555555555556
55	0.0
56	1.3333333333333333
57	0.0
58	0.2222222222222222
59	0.2222222222222222
60	0.0
61	0.2222222222222222
62	1.1111111111111112
63	0.0
64	0.4444444444444444
65	2.0
66	0.0
67	1.3333333333333333
68	0.0
69	0.2222222222222222
70	0.0
71	0.4444444444444444
72	1.3333333333333333
73	1.3333333333333333
74	0.2222222222222222
75	0.4444444444444444
76	0.2222222222222222
77	0.0
78	0.0
79	0.0
80	1.3333333333333333
81	0.4444444444444444
82	1.1111111111111112
83	0.4444444444444444
84	0.0
85	0.4444444444444444
86	0.0
87	0.0
88	1.3333333333333333
89	0.2222222222222222
90	1.5555555555555556
91	1.1111111111111112
92	0.4444444444444444
93	0.0
94	0.4444444444444444
95	0.2222222222222222
96	1.7777777777777777
97	1.1111111111111112
98	0.2222222222222222
99	1.1111111111111112
100	0.0
101	0.6666666666666666
102	0.2222222222222222
103	1.7777777777777777
104	0.0
105	1.1111111111111112
106	0.0
107	0.2222222222222222
108	0.0
109	0.0
110	0.0
111	0.0
112	0.0
