1	0.0
2	0.0
3	0.25
4	0.0
5	0.25
6	0.0
7	0.0
8	0.25
9	0.25
10	0.75
11	1.0
12	0.25
13	1.75
14	0.25
15	1.25
16	0.0
17	0.5
18	0.5
19	0.25
20	0.0
21	0.5
22	0.25
23	1.25
24	0.5
25	0.0
26	1.5
27	0.25
28	1.0
29	0.5
30	1.5
31	0.25
32	0.5
33	1.5
34	1.5
35	0.5
36	1.5
37	0.5
38	2.0
39	0.0
40	0.5
41	1.25
42	0.0
43	1.5
44	0.25
45	0.5
46	2.0
47	0.25
48	0.0
49	0.25
50	0.0
51	0.5
52	1.25
53	0.0
54	1.75
55	0.25
56	1.5
57	1.0
58	1.5
59	0.25
60	1.25
61	0.25
62	0.25
63	0.5
64	0.0
65	2.0
66	0.0
67	0.25
68	0.25
69	1.5
70	0.25
71	1.75
72	0.25
73	1.5
74	0.25
75	0.5
76	1.75
77	1.25
78	1.25
79	1.5
80	0.5
81	0.25
82	0.0
83	0.0
84	0.0
85	0.5
86	0.0
87	0.0
88	1.5
89	0.0
90	1.5
91	0.5
92	1.5
93	0.0
94	1.75
95	1.75
96	0.75
97	1.0
98	0.75
99	1.5
100	0.0
101	0.25
102	0.0
103	2.0
104	0.0
105	0.25
106	1.5
107	0.5
108	0.0
109	0.0
110	0.0
111	0.0
112	0.0
