1	0.0
2	0.0
3	0.25
4	0.0
5	0.25
6	0.0
7	0.0
8	0.25
9	0.5
10	0.25
11	1.25
12	0.0
13	0.25
14	0.5
15	1.75
16	0.25
17	1.5
18	0.25
19	0.5
20	0.0
21	1.5
22	0.5
23	1.25
24	2.0
25	0.0
26	1.75
27	0.25
28	0.0
29	1.75
30	0.0
31	1.5
32	0.75
33	0.25
34	0.5
35	0.25
36	0.25
37	1.5
38	0.5
39	1.5
40	0.25
41	0.75
42	1.25
43	0.0
44	0.5
45	1.5
46	1.5
47	0.75
48	1.25
49	0.75
50	0.25
51	1.75
52	0.0
53	1.25
54	0.5
55	1.5
56	0.5
57	0.0
58	1.25
59	0.25
60	0.0
61	0.0
62	0.25
63	0.5
64	1.25
65	0.5
66	0.0
67	0.75
68	0.0
69	1.5
70	0.25
71	1.75
72	1.5
73	0.25
74	0.25
75	1.75
76	0.25
77	0.0
78	0.0
79	1.25
80	0.25
81	0.75
82	0.0
83	0.0
84	1.0
85	0.75
86	1.25
87	0.5
88	1.5
89	0.25
90	1.5
91	0.5
92	2.0
93	1.25
94	0.25
95	0.25
96	1.75
97	0.0
98	0.25
99	0.25
100	0.0
101	1.5
102	0.25
103	1.5
104	0.0
105	0.0
106	0.0
107	0.5
108	0.0
109	0.0
110	0.0
111	0.0
112	0.0
