1	0.0
2	0.0
3	0.2222222222222222
4	0.0
5	0.2222222222222222
6	0.0
7	0.0
8	0.2222222222222222
9	0.2222222222222222
10	0.2222222222222222
11	0.0
12	0.0
13	0.2222222222222222
14	0.2222222222222222
15	0.2222222222222222
16	0.0
17	0.2222222222222222
18	0.2222222222222222
19	0.2222222222222222
20	0.0
21	0.0
22	0.2222222222222222
23	0.0
24	0.2222222222222222
25	0.0
26	0.0
27	0.2222222222222222
28	0.0
29	0.2222222222222222
30	0.0
31	0.2222222222222222
32	0.2222222222222222
33	0.2222222222222222
34	0.2222222222222222
35	0.2222222222222222
36	0.2222222222222222
37	0.2222222222222222
38	0.2222222222222222
39	0.0
40	0.2222222222222222
41	0.2222222222222222
42	0.0
43	0.0
44	0.2222222222222222
45	0.0
46	0.2222222222222222
47	0.2222222222222222
48	0.0
49	0.2222222222222222
50	0.2222222222222222
51	0.6666666666666666
52	1.3333333333333333
53	0.4444444444444444
54	0.2222222222222222
55	0.2222222222222222
56	1.5555555555555556
57	0.8888888888888888
58	0.4444444444444444
59	0.2222222222222222
60	0.0
61	1.3333333333333333
62	0.2222222222222222
63	1.1111111111111112
64	0.0
65	0.4444444444444444
66	0.0
67	1.5555555555555556
68	0.0
69	0.4444444444444444
70	0.2222222222222222
71	2.0
72	0.0
73	0.2222222222222222
74	0.0
75	0.4444444444444444
76	0.2222222222222222
77	0.0
78	0.0
79	1.3333333333333333
80	0.0
81	1.3333333333333333
82	0.0
83	0.0
84	0.8888888888888888
85	0.6666666666666666
86	0.0
87	0.2222222222222222
88	0.2222222222222222
89	0.0
90	0.0
91	1.1111111111111112
92	0.6666666666666666
93	1.1111111111111112
94	0.4444444444444444
95	0.2222222222222222
96	0.2222222222222222
97	1.3333333333333333
98	0.2222222222222222
99	1.3333333333333333
100	0.0
101	0.4444444444444444
102	1.3333333333333333
103	0.8888888888888888
104	1.5555555555555556
105	0.0
106	0.0
107	1.5555555555555556
108	0.0
109	0.0
110	0.0
111	0.0
112	0.0
