1	0.0
2	0.0
3	0.2857142857142857
4	0.0
5	0.2857142857142857
6	0.0
7	0.0
8	0.2857142857142857
9	0.2857142857142857
10	0.2857142857142857
11	0.0
12	0.0
13	0.2857142857142857
14	0.2857142857142857
15	0.2857142857142857
16	0.0
17	0.2857142857142857
18	0.2857142857142857
19	0.2857142857142857
20	0.0
21	0.0
22	0.2857142857142857
23	0.5714285714285714
24	0.5714285714285714
25	0.0
26	0.0
27	0.2857142857142857
28	0.0
29	0.2857142857142857
30	0.0
31	0.2857142857142857
32	0.8571428571428571
33	0.2857142857142857
34	0.2857142857142857
35	0.5714285714285714
36	0.2857142857142857
37	0.2857142857142857
38	0.5714285714285714
39	0.2857142857142857
40	0.5714285714285714
41	0.2857142857142857
42	0.0
43	0.0
44	0.5714285714285714
45	0.0
46	0.2857142857142857
47	1.7142857142857142
48	0.5714285714285714
49	0.2857142857142857
50	1.7142857142857142
51	0.8571428571428571
52	0.0
53	0.0
54	0.8571428571428571
55	1.4285714285714286
56	0.2857142857142857
57	0.0
58	0.0
59	0.2857142857142857
60	0.2857142857142857
61	1.4285714285714286
62	0.5714285714285714
63	0.0
64	0.0
65	0.5714285714285714
66	2.0
67	0.2857142857142857
68	0.0
69	0.2857142857142857
70	1.1428571428571428
71	0.5714285714285714
72	0.0
73	0.2857142857142857
74	0.0
75	0.5714285714285714
76	0.2857142857142857
77	0.0
78	0.0
79	0.0
80	1.4285714285714286
81	0.5714285714285714
82	0.0
83	1.4285714285714286
84	0.2857142857142857
85	2.0
86	0.5714285714285714
87	0.0
88	0.5714285714285714
89	0.2857142857142857
90	0.2857142857142857
91	0.2857142857142857
92	0.2857142857142857
93	1.1428571428571428
94	0.2857142857142857
95	2.0
96	0.2857142857142857
97	0.2857142857142857
98	0.2857142857142857
99	0.0
100	0.0
101	0.2857142857142857
102	0.0
103	0.5714285714285714
104	0.0
105	0.0
106	0.0
107	0.2857142857142857
108	0.0
109	0.0
110	0.0
111	0.0
112	0.0
