1	0.0
2	1.25
3	0.25
4	0.0
5	2.0
6	0.0
7	1.25
8	2.0
9	0.25
10	0.25
11	0.0
12	0.0
13	1.5
14	0.25
15	0.25
16	0.0
17	0.75
18	0.25
19	0.5
20	0.0
21	0.0
22	0.25
23	0.0
24	0.75
25	0.0
26	0.25
27	0.25
28	0.0
29	0.25
30	0.0
31	0.5
32	1.25
33	0.25
34	0.5
35	0.25
36	0.25
37	0.25
38	0.25
39	0.0
40	0.25
41	0.25
42	0.0
43	0.0
44	1.5
45	0.25
46	0.25
47	0.25
48	0.0
49	0.25
50	0.0
51	0.5
52	1.75
53	0.0
54	2.0
55	0.0
56	2.0
57	0.0
58	0.0
59	0.25
60	0.0
61	0.5
62	0.5
63	1.5
64	0.0
65	2.0
66	0.0
67	0.25
68	0.0
69	0.25
70	0.0
71	1.75
72	0.5
73	2.0
74	1.75
75	0.5
76	0.25
77	1.25
78	0.0
79	0.0
80	0.0
81	0.5
82	1.25
83	0.25
84	1.0
85	2.0
86	1.5
87	0.25
88	1.25
89	0.25
90	0.0
91	1.5
92	1.75
93	0.25
94	1.5
95	0.25
96	0.5
97	1.25
98	1.5
99	0.0
100	0.25
101	0.75
102	0.0
103	2.0
104	0.0
105	0.25
106	0.0
107	0.25
108	0.0
109	0.0
110	0.0
111	0.0
112	0.0
