1	0.0
2	0.0
3	0.25
4	0.0
5	0.25
6	0.0
7	0.0
8	0.25
9	0.25
10	0.25
11	0.0
12	0.0
13	0.25
14	0.25
15	0.25
16	0.0
17	0.25
18	0.25
19	0.25
20	0.0
21	0.0
22	0.25
23	0.0
24	0.25
25	0.0
26	1.75
27	0.5
28	0.0
29	0.25
30	0.0
31	1.75
32	0.25
33	0.75
34	2.0
35	0.25
36	0.5
37	0.25
38	0.25
39	0.0
40	0.5
41	0.25
42	0.5
43	0.25
44	1.5
45	0.0
46	0.5
47	1.5
48	0.0
49	0.25
50	0.0
51	0.75
52	0.0
53	0.0
54	2.0
55	0.0
56	0.25
57	1.0
58	0.0
59	2.0
60	0.0
61	1.75
62	0.25
63	0.25
64	1.5
65	0.75
66	0.5
67	1.25
68	0.0
69	1.5
70	0.25
71	1.75
72	0.0
73	0.25
74	0.0
75	0.5
76	0.25
77	0.0
78	0.0
79	0.0
80	0.25
81	0.25
82	0.0
83	0.0
84	0.0
85	0.5
86	0.0
87	0.0
88	0.25
89	0.0
90	1.75
91	0.25
92	0.5
93	1.25
94	0.5
95	0.25
96	0.5
97	0.25
98	0.25
99	1.5
100	0.0
101	0.25
102	0.0
103	0.5
104	0.0
105	0.0
106	0.0
107	0.25
108	0.25
109	0.0
110	0.0
111	0.0
112	0.0
