1	0.0
2	0.0
3	0.25
4	0.0
5	0.25
6	0.0
7	0.0
8	0.25
9	0.25
10	0.25
11	0.0
12	0.0
13	0.25
14	0.25
15	1.25
16	0.0
17	1.5
18	0.5
19	0.5
20	0.0
21	0.25
22	0.25
23	1.75
24	0.25
25	0.25
26	0.0
27	1.75
28	1.0
29	0.25
30	1.5
31	0.25
32	1.25
33	0.75
34	0.25
35	1.25
36	1.5
37	0.5
38	0.5
39	0.0
40	2.0
41	0.25
42	0.0
43	1.5
44	0.25
45	1.5
46	0.25
47	1.5
48	0.0
49	1.5
50	0.25
51	0.5
52	1.5
53	0.25
54	0.5
55	1.25
56	0.25
57	0.0
58	0.25
59	0.5
60	0.0
61	0.0
62	0.25
63	0.25
64	1.25
65	0.75
66	0.25
67	1.25
68	0.25
69	1.75
70	0.25
71	2.0
72	0.0
73	2.0
74	0.25
75	0.5
76	1.75
77	0.0
78	0.0
79	1.25
80	0.0
81	0.5
82	1.25
83	0.5
84	1.5
85	0.75
86	0.0
87	0.0
88	1.25
89	0.25
90	1.5
91	0.25
92	0.25
93	0.25
94	0.25
95	0.5
96	0.5
97	0.0
98	0.25
99	1.5
100	0.0
101	0.25
102	0.5
103	1.5
104	0.0
105	0.25
106	1.25
107	0.5
108	0.0
109	0.0
110	0.0
111	0.0
112	0.0
