1	0.0
2	0.0
3	0.25
4	0.0
5	0.25
6	0.0
7	0.0
8	0.25
9	0.25
10	0.25
11	1.25
12	0.0
13	0.5
14	1.5
15	0.5
16	0.0
17	0.5
18	0.25
19	1.75
20	0.0
21	0.0
22	1.75
23	0.25
24	0.25
25	0.0
26	1.75
27	0.25
28	0.0
29	0.25
30	0.25
31	0.5
32	1.5
33	1.5
34	2.0
35	0.25
36	0.25
37	0.5
38	0.5
39	0.5
40	0.25
41	0.5
42	1.5
43	0.5
44	1.5
45	0.25
46	0.25
47	0.25
48	0.25
49	1.5
50	0.0
51	0.75
52	0.0
53	1.5
54	0.25
55	1.75
56	1.5
57	0.25
58	0.0
59	0.25
60	0.0
61	0.5
62	1.5
63	0.0
64	1.75
65	2.0
66	0.0
67	0.25
68	0.25
69	1.5
70	0.25
71	0.5
72	0.25
73	0.25
74	0.0
75	0.5
76	0.25
77	0.25
78	0.25
79	1.5
80	0.5
81	1.5
82	0.25
83	1.25
84	0.0
85	1.75
86	0.25
87	1.75
88	0.25
89	0.25
90	1.25
91	0.5
92	0.5
93	1.25
94	0.25
95	0.25
96	2.0
97	0.25
98	0.5
99	1.25
100	0.0
101	0.5
102	0.25
103	1.0
104	1.5
105	0.25
106	1.25
107	0.5
108	0.25
109	0.0
110	0.0
111	0.0
112	0.0
