1	0.0
2	0.0
3	0.25
4	0.0
5	0.25
6	0.0
7	0.0
8	0.25
9	0.25
10	0.25
11	0.0
12	1.25
13	0.25
14	0.25
15	0.25
16	0.0
17	1.5
18	0.5
19	1.5
20	0.0
21	1.5
22	0.25
23	0.0
24	0.5
25	0.0
26	0.0
27	1.75
28	0.25
29	0.25
30	1.5
31	0.5
32	0.25
33	0.25
34	0.25
35	1.5
36	0.25
37	0.25
38	2.0
39	0.0
40	1.5
41	0.25
42	0.0
43	0.0
44	0.25
45	0.25
46	0.25
47	1.5
48	0.0
49	0.5
50	0.0
51	1.75
52	0.0
53	0.25
54	0.25
55	1.25
56	2.0
57	0.0
58	0.0
59	0.25
60	1.25
61	0.5
62	0.5
63	1.5
64	0.0
65	0.75
66	0.0
67	0.5
68	0.0
69	1.5
70	0.25
71	2.0
72	0.0
73	0.25
74	0.0
75	0.5
76	0.25
77	0.0
78	0.25
79	1.5
80	0.25
81	0.25
82	0.0
83	1.5
84	0.25
85	0.5
86	0.0
87	1.5
88	0.5
89	1.25
90	0.25
91	0.5
92	1.75
93	0.0
94	1.75
95	1.75
96	0.25
97	0.5
98	0.25
99	1.5
100	0.0
101	0.5
102	1.25
103	0.5
104	0.0
105	0.0
106	0.25
107	0.25
108	0.0
109	0.0
110	0.0
111	0.0
112	0.0
