1	0.0
2	0.0
3	0.25
4	0.0
5	0.25
6	0.0
7	0.0
8	0.25
9	1.5
10	0.5
11	1.5
12	1.25
13	0.25
14	2.0
15	0.75
16	1.0
17	1.5
18	0.5
19	0.5
20	0.0
21	1.75
22	0.5
23	1.5
24	0.5
25	0.0
26	0.5
27	1.5
28	1.25
29	0.5
30	1.25
31	0.5
32	0.25
33	0.5
34	2.0
35	0.5
36	0.25
37	0.25
38	1.75
39	0.25
40	1.75
41	0.5
42	1.25
43	1.5
44	1.5
45	0.25
46	0.5
47	1.75
48	0.0
49	0.75
50	0.25
51	0.75
52	0.25
53	0.0
54	1.75
55	0.25
56	0.5
57	1.25
58	0.0
59	1.5
60	0.25
61	1.5
62	0.25
63	0.0
64	0.0
65	2.0
66	0.0
67	0.25
68	1.0
69	0.5
70	0.0
71	2.0
72	0.5
73	0.5
74	0.0
75	0.5
76	0.25
77	0.0
78	0.0
79	0.0
80	0.0
81	0.5
82	1.25
83	0.25
84	0.0
85	0.5
86	0.0
87	0.0
88	0.25
89	1.5
90	1.25
91	1.5
92	0.25
93	0.25
94	1.5
95	0.25
96	0.25
97	0.0
98	1.5
99	0.0
100	0.0
101	0.5
102	0.25
103	1.5
104	0.0
105	0.25
106	1.75
107	0.5
108	0.0
109	0.0
110	0.0
111	0.0
112	0.0
