1	0.0
2	0.0
3	0.25
4	0.0
5	0.25
6	0.0
7	0.0
8	0.25
9	0.25
10	0.25
11	0.0
12	0.0
13	0.25
14	0.25
15	1.25
16	0.0
17	0.25
18	0.25
19	0.75
20	1.25
21	0.0
22	1.75
23	0.0
24	0.25
25	1.75
26	0.0
27	2.0
28	0.0
29	0.5
30	1.5
31	0.5
32	1.25
33	0.5
34	2.0
35	1.25
36	0.25
37	0.5
38	1.5
39	0.25
40	0.25
41	1.5
42	0.25
43	1.5
44	0.25
45	0.0
46	1.75
47	0.25
48	0.25
49	1.5
50	1.5
51	0.75
52	1.25
53	1.25
54	0.25
55	1.5
56	0.25
57	1.0
58	1.75
59	0.25
60	1.5
61	1.75
62	0.25
63	1.25
64	0.0
65	0.5
66	0.0
67	0.5
68	0.0
69	0.25
70	1.0
71	0.5
72	0.0
73	0.25
74	0.0
75	0.5
76	0.25
77	0.0
78	1.75
79	0.25
80	0.25
81	0.25
82	0.25
83	0.0
84	0.0
85	1.75
86	0.25
87	1.5
88	0.25
89	1.5
90	0.25
91	0.25
92	0.25
93	0.0
94	0.25
95	1.5
96	0.25
97	0.0
98	0.25
99	0.25
100	1.5
101	0.5
102	0.25
103	0.5
104	1.5
105	0.25
106	0.25
107	0.5
108	0.25
109	0.0
110	0.0
111	0.0
112	0.0
