1	0.0
2	0.0
3	0.25
4	0.0
5	0.25
6	0.0
7	0.0
8	0.25
9	0.25
10	0.5
11	0.0
12	0.25
13	0.25
14	0.5
15	0.5
16	0.25
17	1.25
18	0.25
19	1.5
20	0.0
21	0.25
22	1.5
23	0.0
24	0.5
25	1.25
26	0.0
27	1.75
28	0.25
29	0.25
30	1.5
31	0.25
32	0.75
33	1.25
34	0.25
35	1.5
36	0.25
37	0.5
38	1.5
39	0.25
40	0.5
41	1.25
42	0.25
43	0.5
44	0.25
45	1.5
46	0.5
47	1.5
48	0.0
49	0.5
50	0.25
51	1.75
52	0.0
53	1.25
54	0.5
55	0.25
56	0.25
57	0.0
58	1.5
59	1.75
60	1.75
61	1.25
62	0.25
63	1.25
64	0.25
65	0.75
66	1.25
67	0.5
68	1.5
69	1.5
70	0.25
71	0.5
72	1.5
73	0.25
74	1.5
75	0.5
76	0.5
77	0.25
78	1.5
79	0.5
80	1.25
81	0.25
82	1.5
83	0.0
84	1.0
85	0.5
86	1.25
87	0.5
88	1.25
89	0.0
90	0.0
91	0.5
92	1.5
93	1.0
94	0.5
95	0.5
96	0.5
97	1.25
98	0.5
99	1.25
100	0.25
101	0.25
102	1.75
103	2.0
104	0.0
105	1.5
106	1.5
107	0.5
108	0.0
109	0.0
110	0.0
111	0.0
112	0.0
