1	0.0
2	0.0
3	0.25
4	0.0
5	0.25
6	0.0
7	0.0
8	0.25
9	0.25
10	0.25
11	1.5
12	0.0
13	1.5
14	0.25
15	1.5
16	1.0
17	0.5
18	0.25
19	0.5
20	0.0
21	0.0
22	0.25
23	0.0
24	1.5
25	0.0
26	0.5
27	0.5
28	1.0
29	0.5
30	0.25
31	0.25
32	0.75
33	0.25
34	2.0
35	0.25
36	1.5
37	0.25
38	0.5
39	0.25
40	1.5
41	0.5
42	1.25
43	0.0
44	1.5
45	1.5
46	0.5
47	0.75
48	1.25
49	0.5
50	0.25
51	0.5
52	1.75
53	0.0
54	0.5
55	1.5
56	0.25
57	1.25
58	0.25
59	0.25
60	1.25
61	0.25
62	0.25
63	1.25
64	0.0
65	2.0
66	1.25
67	0.5
68	1.0
69	0.25
70	1.25
71	0.75
72	0.0
73	0.25
74	0.0
75	0.5
76	0.25
77	0.0
78	0.0
79	0.0
80	0.0
81	0.25
82	0.0
83	0.0
84	1.25
85	0.5
86	1.5
87	0.25
88	1.5
89	1.5
90	0.25
91	0.25
92	0.5
93	0.0
94	1.75
95	0.25
96	0.25
97	0.25
98	1.5
99	0.5
100	0.0
101	1.25
102	0.25
103	2.0
104	0.0
105	1.0
106	0.25
107	0.25
108	0.0
109	0.0
110	0.0
111	0.0
112	0.0
