1	0.0
2	0.0
3	0.25
4	0.0
5	0.25
6	0.0
7	0.0
8	0.25
9	0.25
10	0.25
11	0.25
12	0.0
13	0.25
14	1.75
15	0.25
16	0.0
17	0.25
18	0.25
19	0.5
20	1.25
21	0.0
22	2.0
23	0.0
24	1.5
25	0.25
26	1.75
27	1.75
28	0.0
29	1.5
30	0.0
31	1.75
32	0.25
33	1.75
34	0.25
35	0.25
36	1.75
37	0.25
38	0.25
39	1.5
40	0.25
41	1.75
42	1.5
43	0.25
44	0.5
45	1.25
46	0.25
47	0.25
48	1.5
49	0.25
50	0.0
51	1.75
52	0.0
53	1.25
54	0.5
55	0.25
56	0.25
57	1.25
58	0.0
59	1.5
60	0.0
61	0.25
62	1.25
63	0.25
64	0.0
65	2.0
66	0.0
67	1.5
68	0.5
69	0.25
70	0.25
71	0.5
72	1.75
73	0.25
74	0.25
75	1.75
76	0.5
77	1.5
78	0.0
79	0.0
80	1.25
81	0.5
82	0.25
83	1.5
84	0.25
85	2.0
86	0.25
87	1.75
88	0.25
89	0.0
90	0.25
91	1.5
92	1.5
93	0.0
94	1.5
95	0.5
96	0.25
97	0.0
98	0.5
99	0.25
100	0.0
101	0.5
102	1.5
103	1.75
104	0.25
105	1.5
106	1.5
107	0.25
108	0.0
109	0.0
110	0.0
111	0.0
112	0.0
