1	0.0
2	0.0
3	0.2222222222222222
4	0.0
5	0.2222222222222222
6	0.0
7	0.0
8	0.2222222222222222
9	0.2222222222222222
10	0.2222222222222222
11	0.0
12	0.0
13	1.5555555555555556
14	0.2222222222222222
15	0.4444444444444444
16	1.3333333333333333
17	0.2222222222222222
18	0.4444444444444444
19	0.2222222222222222
20	0.2222222222222222
21	0.0
22	1.5555555555555556
23	0.0
24	0.4444444444444444
25	0.0
26	1.3333333333333333
27	0.2222222222222222
28	0.8888888888888888
29	0.4444444444444444
30	1.3333333333333333
31	0.6666666666666666
32	0.2222222222222222
33	1.3333333333333333
34	0.4444444444444444
35	0.2222222222222222
36	1.3333333333333333
37	0.4444444444444444
38	0.2222222222222222
39	1.5555555555555556
40	0.2222222222222222
41	1.3333333333333333
42	0.0
43	1.3333333333333333
44	1.5555555555555556
45	0.0
46	0.4444444444444444
47	0.4444444444444444
48	1.1111111111111112
49	0.6666666666666666
50	0.2222222222222222
51	0.4444444444444444
52	1.3333333333333333
53	1.3333333333333333
54	0.2222222222222222
55	0.0
56	1.5555555555555556
57	0.0
58	0.0
59	0.2222222222222222
60	0.0
61	0.0
62	0.2222222222222222
63	1.3333333333333333
64	0.0
65	2.0
66	0.2222222222222222
67	0.4444444444444444
68	0.8888888888888888
69	0.2222222222222222
70	1.3333333333333333
71	0.4444444444444444
72	1.5555555555555556
73	0.2222222222222222
74	0.0
75	0.4444444444444444
76	0.2222222222222222
77	0.0
78	0.0
79	0.0
80	1.1111111111111112
81	0.4444444444444444
82	0.2222222222222222
83	0.0
84	0.2222222222222222
85	1.5555555555555556
86	0.0
87	1.5555555555555556
88	0.4444444444444444
89	0.0
90	0.2222222222222222
91	0.4444444444444444
92	0.2222222222222222
93	0.0
94	0.4444444444444444
95	1.5555555555555556
96	0.2222222222222222
97	0.2222222222222222
98	0.4444444444444444
99	1.3333333333333333
100	0.0
101	0.2222222222222222
102	0.0
103	0.4444444444444444
104	0.0
105	0.0
106	0.0
107	0.2222222222222222
108	0.0
109	0.0
110	0.0
111	0.0
112	0.0
