1	0.0
2	0.0
3	0.25
4	0.0
5	0.25
6	0.0
7	0.0
8	0.25
9	0.25
10	0.25
11	0.0
12	0.0
13	0.25
14	0.5
15	1.25
16	0.25
17	1.25
18	0.25
19	1.5
20	1.25
21	0.0
22	0.5
23	1.5
24	0.75
25	0.0
26	0.5
27	0.5
28	0.0
29	1.75
30	0.25
31	2.0
32	0.5
33	1.25
34	0.25
35	1.75
36	0.25
37	0.5
38	0.25
39	0.25
40	0.5
41	0.25
42	0.0
43	1.5
44	0.25
45	0.0
46	2.0
47	0.25
48	0.0
49	0.25
50	1.5
51	0.5
52	0.0
53	0.0
54	1.5
55	0.5
56	0.25
57	0.0
58	0.0
59	0.25
60	0.0
61	1.5
62	1.25
63	1.5
64	0.25
65	2.0
66	0.0
67	1.25
68	0.0
69	1.75
70	0.0
71	2.0
72	0.0
73	0.25
74	0.0
75	0.5
76	0.25
77	0.0
78	0.0
79	0.0
80	0.0
81	0.5
82	1.5
83	0.0
84	0.25
85	0.5
86	0.0
87	0.0
88	0.25
89	0.25
90	1.75
91	0.25
92	1.5
93	0.0
94	0.5
95	0.5
96	1.75
97	0.0
98	0.25
99	0.0
100	0.25
101	0.25
102	0.0
103	0.5
104	0.0
105	1.25
106	0.0
107	1.75
108	0.0
109	0.0
110	0.0
111	0.0
112	0.0
