1	0.0
2	0.0
3	0.25
4	0.0
5	0.25
6	0.0
7	0.0
8	0.25
9	0.5
10	0.25
11	0.25
12	0.0
13	1.5
14	0.5
15	0.5
16	1.0
17	0.75
18	0.5
19	0.25
20	0.0
21	0.25
22	0.5
23	1.5
24	0.5
25	0.25
26	0.5
27	0.25
28	1.0
29	0.5
30	1.5
31	0.25
32	0.25
33	1.75
34	0.25
35	0.75
36	0.25
37	1.5
38	0.5
39	0.0
40	2.0
41	1.25
42	0.25
43	0.0
44	0.25
45	0.0
46	1.5
47	0.5
48	1.25
49	0.5
50	0.25
51	1.75
52	0.0
53	0.0
54	0.25
55	1.25
56	0.5
57	0.0
58	1.25
59	0.25
60	0.25
61	1.25
62	0.25
63	0.25
64	1.75
65	2.0
66	1.5
67	0.25
68	0.25
69	0.25
70	0.25
71	2.0
72	0.25
73	2.0
74	1.5
75	0.5
76	0.25
77	1.75
78	0.0
79	1.25
80	0.0
81	0.25
82	1.5
83	1.5
84	0.25
85	0.5
86	1.75
87	0.0
88	1.5
89	0.0
90	0.25
91	0.5
92	2.0
93	0.0
94	1.75
95	0.25
96	1.5
97	0.0
98	0.5
99	1.25
100	0.0
101	1.75
102	0.0
103	2.0
104	0.0
105	0.25
106	0.0
107	0.25
108	0.0
109	0.0
110	0.0
111	0.0
112	0.0
