1	0.0
2	0.0
3	0.2222222222222222
4	0.0
5	0.2222222222222222
6	0.0
7	0.0
8	0.2222222222222222
9	0.2222222222222222
10	0.2222222222222222
11	0.0
12	1.1111111111111112
13	0.2222222222222222
14	1.5555555555555556
15	0.2222222222222222
16	0.0
17	0.6666666666666666
18	1.3333333333333333
19	0.2222222222222222
20	0.0
21	1.3333333333333333
22	1.3333333333333333
23	0.2222222222222222
24	2.0
25	0.0
26	0.0
27	1.5555555555555556
28	0.4444444444444444
29	0.4444444444444444
30	1.1111111111111112
31	0.4444444444444444
32	0.2222222222222222
33	1.1111111111111112
34	0.4444444444444444
35	1.5555555555555556
36	0.2222222222222222
37	1.3333333333333333
38	0.4444444444444444
39	0.0
40	0.2222222222222222
41	1.1111111111111112
42	0.2222222222222222
43	0.0
44	0.4444444444444444
45	0.0
46	0.2222222222222222
47	1.3333333333333333
48	0.0
49	0.4444444444444444
50	0.0
51	0.6666666666666666
52	0.0
53	0.0
54	0.2222222222222222
55	0.4444444444444444
56	0.2222222222222222
57	0.0
58	1.3333333333333333
59	0.4444444444444444
60	0.0
61	1.5555555555555556
62	0.2222222222222222
63	0.0
64	0.0
65	1.7777777777777777
66	0.0
67	1.1111111111111112
68	0.2222222222222222
69	0.6666666666666666
70	0.0
71	1.7777777777777777
72	0.0
73	0.2222222222222222
74	0.0
75	1.7777777777777777
76	0.2222222222222222
77	0.0
78	0.0
79	0.0
80	0.0
81	0.2222222222222222
82	0.2222222222222222
83	0.0
84	0.0
85	0.4444444444444444
86	0.0
87	0.2222222222222222
88	1.1111111111111112
89	0.0
90	0.0
91	1.3333333333333333
92	0.2222222222222222
93	0.0
94	0.4444444444444444
95	0.4444444444444444
96	0.4444444444444444
97	0.8888888888888888
98	1.3333333333333333
99	0.0
100	0.2222222222222222
101	0.2222222222222222
102	0.2222222222222222
103	1.5555555555555556
104	1.1111111111111112
105	0.2222222222222222
106	0.0
107	1.5555555555555556
108	0.0
109	0.0
110	0.0
111	0.0
112	0.0
