1	0.0
2	0.0
3	0.2857142857142857
4	0.0
5	0.2857142857142857
6	0.0
7	0.0
8	0.2857142857142857
9	0.2857142857142857
10	0.2857142857142857
11	0.0
12	1.4285714285714286
13	0.8571428571428571
14	2.0
15	0.5714285714285714
16	1.4285714285714286
17	0.5714285714285714
18	1.7142857142857142
19	1.4285714285714286
20	0.0
21	0.5714285714285714
22	0.2857142857142857
23	0.0
24	0.2857142857142857
25	0.2857142857142857
26	0.0
27	0.2857142857142857
28	1.1428571428571428
29	0.5714285714285714
30	1.4285714285714286
31	2.0
32	0.8571428571428571
33	0.5714285714285714
34	2.0
35	1.4285714285714286
36	0.5714285714285714
37	0.2857142857142857
38	0.5714285714285714
39	0.2857142857142857
40	2.0
41	0.5714285714285714
42	1.7142857142857142
43	0.0
44	0.2857142857142857
45	0.0
46	1.7142857142857142
47	0.2857142857142857
48	2.0
49	0.5714285714285714
50	2.0
51	1.7142857142857142
52	0.0
53	0.0
54	1.7142857142857142
55	1.7142857142857142
56	0.2857142857142857
57	0.2857142857142857
58	0.0
59	0.2857142857142857
60	0.0
61	0.0
62	0.2857142857142857
63	2.0
64	0.2857142857142857
65	0.5714285714285714
66	0.5714285714285714
67	0.2857142857142857
68	0.2857142857142857
69	2.0
70	0.2857142857142857
71	0.5714285714285714
72	1.4285714285714286
73	0.8571428571428571
74	0.2857142857142857
75	0.5714285714285714
76	0.5714285714285714
77	0.0
78	0.0
79	0.0
80	0.0
81	0.2857142857142857
82	0.0
83	0.0
84	0.0
85	0.5714285714285714
86	0.0
87	0.0
88	0.5714285714285714
89	0.0
90	0.0
91	0.2857142857142857
92	0.2857142857142857
93	1.1428571428571428
94	0.2857142857142857
95	0.2857142857142857
96	0.2857142857142857
97	0.0
98	0.2857142857142857
99	0.0
100	1.4285714285714286
101	0.2857142857142857
102	0.0
103	0.5714285714285714
104	0.0
105	1.7142857142857142
106	0.0
107	0.5714285714285714
108	1.7142857142857142
109	0.0
110	0.0
111	0.0
112	0.0
