1	0.0
2	0.0
3	0.25
4	0.0
5	0.25
6	0.0
7	0.0
8	0.25
9	0.25
10	0.25
11	0.0
12	1.25
13	0.25
14	1.5
15	0.5
16	0.0
17	1.5
18	0.25
19	1.75
20	0.0
21	0.0
22	1.75
23	0.0
24	0.5
25	1.25
26	0.5
27	0.25
28	0.0
29	0.5
30	0.0
31	1.5
32	0.5
33	1.25
34	2.0
35	0.25
36	0.25
37	1.75
38	0.25
39	1.75
40	0.25
41	0.25
42	1.5
43	1.5
44	0.25
45	1.25
46	0.25
47	1.5
48	0.0
49	0.25
50	0.0
51	1.0
52	0.0
53	1.25
54	0.5
55	0.0
56	0.25
57	0.0
58	0.0
59	1.5
60	0.25
61	1.75
62	0.25
63	1.25
64	0.0
65	0.75
66	1.5
67	1.5
68	0.25
69	1.75
70	0.25
71	0.5
72	1.5
73	0.25
74	0.25
75	1.75
76	0.25
77	0.25
78	0.0
79	0.0
80	1.5
81	0.25
82	0.25
83	1.5
84	0.0
85	0.75
86	0.25
87	0.5
88	1.25
89	0.0
90	0.5
91	0.25
92	1.75
93	0.0
94	0.5
95	1.5
96	0.5
97	1.0
98	0.5
99	1.5
100	0.0
101	0.5
102	0.5
103	0.75
104	0.5
105	0.0
106	0.0
107	0.25
108	0.0
109	0.0
110	0.0
111	0.0
112	0.0
