1	0.0
2	0.0
3	0.25
4	0.0
5	0.25
6	0.0
7	0.0
8	0.25
9	0.25
10	1.25
11	0.25
12	0.25
13	1.75
14	0.5
15	1.25
16	0.5
17	0.5
18	0.25
19	1.25
20	0.0
21	0.25
22	0.25
23	0.0
24	0.25
25	0.0
26	1.75
27	2.0
28	0.5
29	1.5
30	0.25
31	1.5
32	0.75
33	1.25
34	0.5
35	0.5
36	0.25
37	0.5
38	1.75
39	1.25
40	0.5
41	0.25
42	0.0
43	1.25
44	0.25
45	0.0
46	0.25
47	0.25
48	0.25
49	1.5
50	0.5
51	1.5
52	0.0
53	0.0
54	1.5
55	0.25
56	0.25
57	0.0
58	1.25
59	1.75
60	0.0
61	0.0
62	1.25
63	0.0
64	1.5
65	0.75
66	1.25
67	0.5
68	1.25
69	0.25
70	1.5
71	0.75
72	0.25
73	1.75
74	0.25
75	0.5
76	1.5
77	0.25
78	0.0
79	0.0
80	0.0
81	0.25
82	1.25
83	0.25
84	1.0
85	0.75
86	0.5
87	1.5
88	0.5
89	0.0
90	0.25
91	1.5
92	1.75
93	0.0
94	0.5
95	1.5
96	0.5
97	0.0
98	1.5
99	1.5
100	0.25
101	0.25
102	0.25
103	1.0
104	0.0
105	0.0
106	0.0
107	0.25
108	0.0
109	0.0
110	0.0
111	0.0
112	0.0
