1	0.0
2	0.0
3	0.25
4	0.0
5	0.25
6	0.0
7	0.0
8	0.25
9	0.25
10	1.5
11	1.25
12	1.5
13	0.25
14	0.25
15	0.25
16	0.0
17	1.5
18	0.25
19	1.5
20	0.0
21	0.25
22	1.75
23	0.0
24	1.75
25	0.25
26	0.25
27	1.5
28	0.25
29	0.5
30	0.0
31	1.5
32	0.25
33	1.75
34	0.5
35	1.75
36	0.25
37	1.5
38	0.5
39	1.25
40	2.0
41	0.25
42	0.25
43	0.0
44	0.5
45	1.25
46	0.25
47	0.5
48	1.25
49	0.5
50	0.0
51	0.5
52	0.0
53	1.25
54	0.5
55	0.25
56	0.5
57	1.25
58	1.5
59	0.5
60	0.0
61	0.5
62	1.5
63	0.0
64	0.0
65	0.75
66	0.0
67	0.25
68	1.5
69	0.25
70	0.0
71	1.75
72	0.5
73	1.75
74	0.5
75	1.75
76	0.25
77	0.0
78	1.25
79	1.25
80	0.0
81	0.5
82	0.0
83	1.5
84	1.25
85	0.75
86	1.5
87	0.5
88	1.5
89	0.25
90	1.5
91	0.5
92	1.75
93	0.25
94	0.25
95	0.25
96	1.75
97	0.25
98	1.5
99	0.0
100	1.5
101	0.25
102	1.5
103	0.75
104	1.25
105	0.25
106	0.0
107	0.25
108	0.0
109	0.0
110	0.0
111	0.0
112	0.0
