1	0.0
2	0.0
3	0.2857142857142857
4	0.0
5	0.2857142857142857
6	0.0
7	0.0
8	0.2857142857142857
9	0.2857142857142857
10	0.2857142857142857
11	0.0
12	0.0
13	0.2857142857142857
14	0.2857142857142857
15	0.2857142857142857
16	0.0
17	0.2857142857142857
18	0.2857142857142857
19	0.2857142857142857
20	0.0
21	0.0
22	0.2857142857142857
23	0.0
24	0.2857142857142857
25	0.0
26	0.0
27	0.2857142857142857
28	0.0
29	0.2857142857142857
30	0.0
31	0.2857142857142857
32	1.7142857142857142
33	0.5714285714285714
34	0.2857142857142857
35	1.7142857142857142
36	0.2857142857142857
37	0.5714285714285714
38	0.5714285714285714
39	2.0
40	0.5714285714285714
41	2.0
42	1.4285714285714286
43	1.7142857142857142
44	0.2857142857142857
45	0.0
46	0.2857142857142857
47	1.7142857142857142
48	0.2857142857142857
49	2.0
50	0.0
51	0.8571428571428571
52	0.0
53	0.2857142857142857
54	1.7142857142857142
55	0.0
56	0.2857142857142857
57	1.4285714285714286
58	0.2857142857142857
59	2.0
60	2.0
61	0.0
62	1.4285714285714286
63	0.0
64	1.7142857142857142
65	0.5714285714285714
66	0.0
67	1.4285714285714286
68	0.2857142857142857
69	1.7142857142857142
70	0.0
71	0.5714285714285714
72	0.0
73	0.2857142857142857
74	1.7142857142857142
75	0.5714285714285714
76	0.5714285714285714
77	0.2857142857142857
78	1.7142857142857142
79	1.7142857142857142
80	0.0
81	1.7142857142857142
82	0.2857142857142857
83	0.5714285714285714
84	1.1428571428571428
85	0.5714285714285714
86	2.0
87	0.0
88	0.5714285714285714
89	1.4285714285714286
90	0.5714285714285714
91	0.5714285714285714
92	0.2857142857142857
93	0.0
94	1.7142857142857142
95	0.5714285714285714
96	0.2857142857142857
97	1.1428571428571428
98	0.5714285714285714
99	0.0
100	0.0
101	2.0
102	1.4285714285714286
103	0.8571428571428571
104	1.7142857142857142
105	1.1428571428571428
106	0.0
107	0.2857142857142857
108	0.0
109	0.0
110	0.0
111	0.0
112	0.0
