1	0.0
2	0.0
3	0.2222222222222222
4	0.0
5	0.2222222222222222
6	0.0
7	0.0
8	0.2222222222222222
9	0.2222222222222222
10	0.2222222222222222
11	1.3333333333333333
12	0.0
13	0.2222222222222222
14	1.7777777777777777
15	1.3333333333333333
16	0.2222222222222222
17	1.1111111111111112
18	0.2222222222222222
19	1.3333333333333333
20	0.0
21	0.2222222222222222
22	1.3333333333333333
23	0.0
24	1.7777777777777777
25	0.0
26	0.0
27	0.2222222222222222
28	0.0
29	0.2222222222222222
30	0.0
31	1.5555555555555556
32	0.2222222222222222
33	0.4444444444444444
34	1.3333333333333333
35	0.4444444444444444
36	0.2222222222222222
37	0.2222222222222222
38	1.3333333333333333
39	0.2222222222222222
40	1.3333333333333333
41	0.2222222222222222
42	1.3333333333333333
43	1.5555555555555556
44	0.2222222222222222
45	1.3333333333333333
46	0.4444444444444444
47	1.1111111111111112
48	0.0
49	1.5555555555555556
50	0.2222222222222222
51	1.5555555555555556
52	0.2222222222222222
53	1.1111111111111112
54	0.2222222222222222
55	1.3333333333333333
56	0.2222222222222222
57	0.0
58	0.0
59	0.2222222222222222
60	0.0
61	0.0
62	1.1111111111111112
63	0.2222222222222222
64	0.0
65	2.0
66	0.4444444444444444
67	1.1111111111111112
68	0.2222222222222222
69	0.2222222222222222
70	1.1111111111111112
71	0.6666666666666666
72	0.2222222222222222
73	0.2222222222222222
74	0.2222222222222222
75	1.5555555555555556
76	0.4444444444444444
77	1.5555555555555556
78	0.0
79	0.0
80	0.2222222222222222
81	1.3333333333333333
82	0.4444444444444444
83	1.1111111111111112
84	0.2222222222222222
85	0.4444444444444444
86	0.2222222222222222
87	0.0
88	1.3333333333333333
89	0.0
90	1.1111111111111112
91	0.6666666666666666
92	0.4444444444444444
93	0.0
94	1.3333333333333333
95	0.2222222222222222
96	0.6666666666666666
97	0.0
98	0.4444444444444444
99	1.3333333333333333
100	0.0
101	0.4444444444444444
102	1.3333333333333333
103	0.4444444444444444
104	1.3333333333333333
105	0.0
106	1.1111111111111112
107	0.2222222222222222
108	0.0
109	0.0
110	0.0
111	0.0
112	0.0
