1	0.0
2	0.0
3	0.25
4	0.0
5	0.25
6	0.0
7	0.0
8	0.25
9	0.25
10	0.25
11	0.0
12	0.0
13	0.25
14	0.25
15	0.25
16	0.0
17	0.25
18	0.25
19	0.25
20	0.0
21	0.0
22	0.25
23	0.0
24	0.25
25	0.0
26	0.0
27	1.75
28	0.0
29	1.75
30	0.0
31	1.5
32	0.5
33	1.25
34	0.25
35	1.75
36	0.25
37	0.5
38	1.75
39	0.25
40	0.25
41	0.75
42	1.75
43	1.5
44	0.5
45	1.5
46	0.25
47	1.25
48	0.25
49	0.75
50	0.25
51	0.5
52	0.0
53	1.25
54	0.25
55	0.5
56	1.75
57	1.25
58	1.25
59	2.0
60	1.25
61	0.0
62	0.5
63	0.0
64	0.25
65	0.75
66	1.25
67	0.5
68	1.5
69	0.25
70	1.25
71	0.5
72	0.0
73	1.5
74	0.25
75	1.75
76	0.5
77	1.75
78	1.25
79	0.0
80	0.25
81	0.25
82	0.0
83	1.75
84	1.0
85	0.5
86	1.5
87	0.25
88	1.5
89	1.5
90	0.0
91	1.75
92	0.25
93	0.25
94	0.75
95	1.5
96	0.25
97	0.0
98	1.5
99	0.0
100	1.25
101	0.5
102	0.25
103	0.75
104	0.25
105	1.25
106	0.25
107	0.25
108	0.0
109	0.0
110	0.0
111	0.0
112	0.0
