1	0.0
2	0.0
3	0.2222222222222222
4	0.0
5	0.2222222222222222
6	0.0
7	0.0
8	0.2222222222222222
9	0.2222222222222222
10	1.3333333333333333
11	0.0
12	0.2222222222222222
13	0.2222222222222222
14	0.2222222222222222
15	1.1111111111111112
16	0.0
17	0.2222222222222222
18	0.2222222222222222
19	0.2222222222222222
20	0.0
21	1.3333333333333333
22	0.4444444444444444
23	0.0
24	1.7777777777777777
25	0.0
26	0.2222222222222222
27	1.3333333333333333
28	0.0
29	0.6666666666666666
30	0.0
31	1.3333333333333333
32	0.2222222222222222
33	1.5555555555555556
34	0.2222222222222222
35	1.5555555555555556
36	0.2222222222222222
37	0.2222222222222222
38	1.5555555555555556
39	0.2222222222222222
40	1.5555555555555556
41	0.2222222222222222
42	0.2222222222222222
43	1.3333333333333333
44	0.2222222222222222
45	1.3333333333333333
46	0.2222222222222222
47	1.1111111111111112
48	0.4444444444444444
49	0.4444444444444444
50	1.3333333333333333
51	0.8888888888888888
52	1.1111111111111112
53	0.2222222222222222
54	0.2222222222222222
55	0.0
56	0.2222222222222222
57	0.0
58	1.3333333333333333
59	0.4444444444444444
60	1.1111111111111112
61	0.4444444444444444
62	1.1111111111111112
63	0.0
64	1.3333333333333333
65	0.6666666666666666
66	0.0
67	1.1111111111111112
68	0.4444444444444444
69	0.2222222222222222
70	1.3333333333333333
71	2.0
72	0.4444444444444444
73	0.2222222222222222
74	1.3333333333333333
75	0.4444444444444444
76	0.4444444444444444
77	0.0
78	1.1111111111111112
79	0.2222222222222222
80	0.0
81	0.2222222222222222
82	1.3333333333333333
83	0.0
84	1.3333333333333333
85	0.6666666666666666
86	0.2222222222222222
87	1.3333333333333333
88	0.4444444444444444
89	0.0
90	1.3333333333333333
91	0.2222222222222222
92	1.7777777777777777
93	0.0
94	1.7777777777777777
95	0.2222222222222222
96	1.5555555555555556
97	0.2222222222222222
98	0.4444444444444444
99	0.0
100	0.0
101	0.2222222222222222
102	0.0
103	0.4444444444444444
104	0.0
105	0.0
106	0.0
107	0.2222222222222222
108	0.0
109	0.0
110	0.0
111	0.0
112	0.0
