1	0.0
2	0.0
3	0.25
4	0.0
5	0.25
6	0.0
7	0.0
8	0.25
9	0.25
10	0.25
11	0.0
12	0.5
13	0.25
14	0.5
15	1.25
16	0.25
17	1.75
18	0.25
19	0.25
20	1.5
21	0.0
22	0.25
23	1.5
24	0.25
25	0.25
26	1.75
27	0.25
28	0.0
29	0.25
30	1.25
31	1.75
32	0.25
33	0.5
34	0.25
35	0.75
36	0.25
37	0.25
38	1.75
39	0.25
40	0.25
41	0.25
42	1.75
43	0.0
44	0.5
45	1.25
46	0.5
47	0.5
48	0.0
49	0.25
50	0.25
51	0.5
52	0.25
53	0.25
54	1.5
55	0.0
56	1.75
57	0.0
58	0.0
59	0.25
60	0.0
61	1.25
62	0.5
63	0.0
64	0.25
65	2.0
66	0.0
67	0.25
68	0.0
69	2.0
70	1.25
71	0.5
72	0.25
73	0.25
74	0.0
75	0.5
76	1.5
77	0.0
78	0.25
79	0.0
80	0.0
81	0.25
82	1.25
83	0.25
84	1.0
85	2.0
86	0.25
87	1.5
88	1.25
89	0.0
90	0.0
91	1.75
92	0.5
93	0.0
94	2.0
95	0.25
96	0.25
97	0.0
98	1.25
99	0.25
100	1.5
101	0.5
102	0.25
103	1.75
104	1.25
105	0.25
106	0.0
107	0.5
108	0.0
109	0.0
110	0.0
111	0.0
112	0.0
