1	0.0
2	0.0
3	0.25
4	0.0
5	0.25
6	0.0
7	0.0
8	0.25
9	0.25
10	0.25
11	0.25
12	0.0
13	2.0
14	0.25
15	1.5
16	0.0
17	0.75
18	1.75
19	0.5
20	0.0
21	0.0
22	2.0
23	0.0
24	1.75
25	0.0
26	0.25
27	0.75
28	0.0
29	1.75
30	1.5
31	0.75
32	1.25
33	1.75
34	0.25
35	0.75
36	1.5
37	0.5
38	1.5
39	0.25
40	1.75
41	0.5
42	1.25
43	0.25
44	0.25
45	1.25
46	0.5
47	0.5
48	1.25
49	1.5
50	0.25
51	1.5
52	0.0
53	1.5
54	0.5
55	0.0
56	0.25
57	0.0
58	1.25
59	0.25
60	0.25
61	0.25
62	0.25
63	1.5
64	0.25
65	2.0
66	0.0
67	0.5
68	1.25
69	0.25
70	0.0
71	0.75
72	1.25
73	0.5
74	0.0
75	0.5
76	0.25
77	0.25
78	1.5
79	0.0
80	0.5
81	0.25
82	0.0
83	0.0
84	1.0
85	0.5
86	0.0
87	0.25
88	1.5
89	0.5
90	1.5
91	0.25
92	0.25
93	0.25
94	0.25
95	1.75
96	0.25
97	1.25
98	0.5
99	0.0
100	1.5
101	0.5
102	1.25
103	0.75
104	0.0
105	0.25
106	1.25
107	0.25
108	0.0
109	0.0
110	0.0
111	0.0
112	0.0
