1	0.0
2	0.0
3	0.25
4	0.0
5	0.25
6	0.0
7	0.0
8	0.25
9	0.25
10	0.25
11	0.25
12	1.25
13	0.5
14	1.5
15	0.5
16	1.25
17	0.5
18	1.5
19	0.5
20	0.25
21	1.5
22	0.5
23	1.5
24	1.75
25	0.0
26	0.25
27	1.75
28	1.25
29	0.5
30	0.0
31	1.75
32	0.25
33	0.5
34	1.5
35	0.5
36	1.25
37	0.25
38	1.5
39	0.25
40	1.5
41	0.5
42	0.0
43	0.5
44	1.5
45	0.0
46	0.25
47	0.5
48	1.25
49	0.75
50	1.5
51	0.75
52	1.25
53	0.25
54	1.5
55	0.0
56	2.0
57	0.25
58	0.0
59	0.25
60	1.5
61	0.25
62	0.5
63	0.0
64	1.5
65	0.5
66	0.0
67	0.5
68	0.0
69	1.5
70	0.25
71	0.5
72	0.5
73	1.5
74	0.25
75	1.75
76	0.5
77	1.5
78	0.0
79	1.25
80	0.0
81	0.5
82	0.0
83	1.5
84	0.0
85	0.75
86	0.0
87	1.75
88	0.25
89	0.0
90	1.5
91	0.25
92	0.5
93	0.0
94	1.75
95	0.25
96	2.0
97	0.0
98	1.75
99	0.25
100	0.0
101	1.5
102	0.0
103	2.0
104	0.25
105	1.25
106	0.0
107	0.25
108	0.0
109	0.0
110	0.0
111	0.0
112	0.0
