1	0.0
2	0.0
3	0.25
4	0.0
5	0.25
6	0.0
7	0.0
8	0.25
9	0.25
10	0.25
11	0.0
12	1.0
13	0.25
14	0.75
15	1.75
16	0.0
17	0.75
18	0.25
19	1.5
20	0.0
21	1.5
22	0.5
23	0.25
24	1.75
25	0.0
26	1.25
27	0.75
28	1.25
29	0.5
30	1.5
31	0.75
32	1.5
33	0.5
34	0.25
35	1.75
36	0.5
37	0.25
38	0.25
39	1.75
40	0.25
41	0.25
42	1.75
43	0.25
44	1.5
45	0.0
46	0.25
47	1.25
48	0.0
49	1.75
50	0.0
51	1.5
52	0.5
53	0.25
54	0.25
55	1.5
56	0.25
57	0.0
58	0.25
59	1.75
60	0.0
61	0.25
62	1.25
63	0.5
64	1.25
65	1.0
66	0.0
67	1.25
68	0.25
69	0.5
70	0.0
71	1.75
72	0.25
73	0.5
74	1.5
75	2.0
76	1.5
77	0.0
78	0.25
79	0.0
80	0.0
81	0.75
82	0.0
83	1.5
84	0.5
85	2.0
86	0.25
87	0.0
88	0.25
89	0.0
90	1.25
91	0.25
92	0.75
93	1.25
94	0.25
95	0.5
96	1.5
97	0.0
98	0.25
99	0.25
100	1.25
101	0.5
102	1.25
103	0.75
104	0.0
105	0.25
106	0.0
107	0.5
108	0.0
109	0.0
110	0.0
111	0.0
112	0.0
