1	0.0
2	0.0
3	0.2222222222222222
4	0.0
5	0.2222222222222222
6	0.0
7	0.0
8	0.2222222222222222
9	0.2222222222222222
10	1.3333333333333333
11	0.8888888888888888
12	0.2222222222222222
13	0.2222222222222222
14	0.2222222222222222
15	0.4444444444444444
16	0.8888888888888888
17	0.4444444444444444
18	0.2222222222222222
19	0.2222222222222222
20	0.0
21	1.3333333333333333
22	0.2222222222222222
23	0.2222222222222222
24	1.5555555555555556
25	0.0
26	1.5555555555555556
27	0.4444444444444444
28	0.0
29	0.4444444444444444
30	1.3333333333333333
31	1.7777777777777777
32	0.4444444444444444
33	1.3333333333333333
34	0.2222222222222222
35	1.1111111111111112
36	0.2222222222222222
37	0.2222222222222222
38	0.2222222222222222
39	0.2222222222222222
40	0.2222222222222222
41	0.2222222222222222
42	0.2222222222222222
43	1.1111111111111112
44	0.4444444444444444
45	1.3333333333333333
46	0.2222222222222222
47	0.4444444444444444
48	0.0
49	1.5555555555555556
50	1.3333333333333333
51	0.6666666666666666
52	0.0
53	0.2222222222222222
54	0.2222222222222222
55	1.5555555555555556
56	1.3333333333333333
57	0.0
58	0.2222222222222222
59	1.3333333333333333
60	0.2222222222222222
61	0.0
62	0.2222222222222222
63	0.0
64	0.0
65	2.0
66	0.0
67	0.2222222222222222
68	0.2222222222222222
69	0.4444444444444444
70	1.1111111111111112
71	0.4444444444444444
72	1.3333333333333333
73	1.7777777777777777
74	0.2222222222222222
75	0.4444444444444444
76	1.3333333333333333
77	0.2222222222222222
78	0.2222222222222222
79	1.1111111111111112
80	1.3333333333333333
81	0.2222222222222222
82	0.2222222222222222
83	1.1111111111111112
84	0.2222222222222222
85	1.5555555555555556
86	0.2222222222222222
87	1.1111111111111112
88	0.2222222222222222
89	0.2222222222222222
90	1.1111111111111112
91	0.2222222222222222
92	1.5555555555555556
93	0.8888888888888888
94	0.2222222222222222
95	1.5555555555555556
96	0.2222222222222222
97	0.0
98	1.3333333333333333
99	1.3333333333333333
100	0.0
101	1.3333333333333333
102	0.0
103	0.4444444444444444
104	1.3333333333333333
105	0.4444444444444444
106	0.0
107	0.2222222222222222
108	0.0
109	0.0
110	0.0
111	0.0
112	0.0
