1	0.0
2	0.0
3	0.25
4	0.0
5	0.25
6	0.0
7	0.0
8	0.25
9	0.25
10	0.25
11	0.25
12	0.0
13	0.5
14	0.25
15	0.5
16	0.0
17	0.5
18	1.5
19	0.5
20	0.0
21	0.25
22	0.5
23	1.5
24	0.25
25	0.0
26	0.25
27	0.25
28	0.0
29	0.5
30	1.25
31	0.5
32	1.25
33	0.25
34	0.5
35	1.25
36	0.5
37	1.5
38	0.25
39	0.0
40	0.5
41	0.25
42	1.25
43	0.0
44	0.5
45	1.5
46	0.25
47	0.5
48	1.25
49	1.5
50	0.25
51	1.0
52	0.0
53	0.5
54	1.5
55	0.5
56	1.75
57	0.25
58	1.5
59	0.25
60	0.0
61	1.25
62	0.25
63	0.25
64	0.0
65	0.5
66	1.25
67	0.5
68	0.0
69	0.25
70	0.0
71	0.5
72	1.5
73	0.25
74	0.25
75	2.0
76	1.5
77	0.25
78	1.25
79	0.25
80	0.0
81	1.5
82	0.0
83	0.25
84	0.25
85	0.75
86	0.5
87	0.0
88	0.25
89	1.25
90	0.5
91	1.25
92	2.0
93	0.0
94	1.75
95	0.5
96	1.75
97	0.25
98	1.25
99	0.25
100	0.25
101	0.25
102	0.0
103	0.5
104	0.0
105	0.0
106	0.0
107	0.25
108	0.0
109	0.0
110	0.0
111	0.0
112	0.0
