1	0.0
2	0.0
3	0.25
4	0.0
5	0.25
6	0.0
7	0.0
8	0.25
9	0.25
10	0.25
11	0.0
12	0.25
13	0.25
14	0.25
15	0.25
16	0.0
17	0.25
18	0.25
19	0.25
20	0.0
21	1.75
22	0.25
23	0.0
24	1.75
25	0.0
26	1.25
27	0.5
28	1.0
29	0.5
30	0.0
31	2.0
32	0.5
33	0.75
34	1.75
35	1.25
36	0.5
37	0.25
38	0.75
39	0.0
40	0.25
41	0.25
42	0.0
43	1.75
44	1.75
45	1.75
46	0.5
47	1.25
48	0.0
49	1.5
50	0.5
51	0.5
52	0.0
53	0.0
54	0.25
55	0.0
56	2.0
57	0.0
58	0.0
59	0.25
60	0.25
61	0.0
62	1.25
63	0.25
64	1.5
65	0.5
66	0.25
67	0.25
68	0.0
69	0.25
70	0.0
71	0.5
72	0.0
73	0.25
74	0.0
75	0.5
76	1.75
77	0.0
78	0.25
79	0.0
80	0.0
81	0.25
82	0.0
83	0.0
84	0.0
85	0.5
86	0.0
87	0.0
88	0.5
89	1.25
90	0.25
91	0.25
92	1.75
93	1.25
94	0.25
95	0.25
96	1.75
97	0.5
98	0.25
99	0.0
100	1.75
101	0.25
102	0.0
103	0.5
104	0.0
105	0.0
106	0.0
107	0.25
108	0.0
109	0.0
110	0.0
111	0.0
112	0.0
