1	0.0
2	0.0
3	0.25
4	0.0
5	0.25
6	0.0
7	0.0
8	0.25
9	0.25
10	0.25
11	1.5
12	1.0
13	0.25
14	1.75
15	0.25
16	0.0
17	0.5
18	0.5
19	0.25
20	0.0
21	1.5
22	0.25
23	0.25
24	1.75
25	0.0
26	1.25
27	0.5
28	0.0
29	1.75
30	0.0
31	0.25
32	0.25
33	0.5
34	1.5
35	1.25
36	0.5
37	1.5
38	0.25
39	1.5
40	0.25
41	1.25
42	0.5
43	0.25
44	0.25
45	0.25
46	0.25
47	0.75
48	1.5
49	0.25
50	1.25
51	0.75
52	1.5
53	0.25
54	0.5
55	1.5
56	0.25
57	0.0
58	1.25
59	0.5
60	1.5
61	0.0
62	1.5
63	1.25
64	0.0
65	2.0
66	0.0
67	1.25
68	0.5
69	0.5
70	1.25
71	0.5
72	0.0
73	0.25
74	1.5
75	0.75
76	0.5
77	1.5
78	0.5
79	1.5
80	0.0
81	0.5
82	0.25
83	1.25
84	0.25
85	1.75
86	0.0
87	0.25
88	1.25
89	0.5
90	1.25
91	0.5
92	0.5
93	0.25
94	1.5
95	0.25
96	0.75
97	0.0
98	0.5
99	0.0
100	0.0
101	1.75
102	0.5
103	0.5
104	1.25
105	0.25
106	0.0
107	2.0
108	0.0
109	0.0
110	0.0
111	0.0
112	0.0
