1	0.0
2	0.0
3	0.25
4	0.0
5	0.25
6	0.0
7	0.0
8	0.25
9	0.5
10	0.25
11	0.0
12	0.0
13	0.5
14	1.5
15	0.5
16	0.0
17	0.5
18	0.25
19	1.25
20	0.25
21	0.25
22	1.5
23	0.25
24	1.75
25	0.0
26	1.5
27	0.75
28	1.0
29	0.5
30	0.25
31	0.75
32	1.25
33	0.25
34	0.75
35	1.5
36	0.5
37	0.25
38	1.75
39	0.5
40	1.75
41	0.5
42	1.5
43	0.25
44	2.0
45	0.25
46	0.25
47	1.5
48	0.0
49	0.5
50	1.75
51	0.5
52	0.25
53	0.0
54	1.5
55	0.25
56	1.5
57	0.0
58	1.25
59	2.0
60	0.0
61	0.0
62	0.5
63	1.5
64	0.0
65	0.75
66	1.25
67	0.5
68	1.25
69	0.25
70	0.0
71	0.5
72	0.25
73	1.5
74	0.0
75	0.5
76	1.5
77	0.0
78	0.25
79	0.0
80	1.25
81	0.25
82	0.25
83	1.25
84	0.0
85	0.5
86	0.0
87	0.5
88	1.25
89	1.25
90	0.5
91	1.5
92	0.25
93	0.0
94	1.75
95	0.25
96	1.75
97	1.25
98	0.25
99	0.0
100	0.25
101	0.5
102	1.25
103	1.0
104	0.0
105	0.0
106	0.0
107	2.0
108	0.0
109	0.0
110	0.0
111	0.0
112	0.0
