1	0.0
2	0.0
3	0.25
4	0.0
5	0.25
6	0.0
7	0.0
8	0.25
9	0.25
10	0.25
11	0.0
12	0.0
13	0.25
14	0.25
15	0.25
16	0.0
17	0.25
18	0.25
19	0.25
20	0.0
21	0.0
22	0.25
23	0.0
24	0.25
25	0.0
26	0.0
27	0.25
28	0.0
29	0.25
30	0.0
31	0.25
32	0.25
33	0.25
34	0.25
35	0.25
36	0.25
37	0.25
38	0.25
39	0.0
40	0.25
41	0.25
42	0.0
43	0.0
44	0.25
45	0.0
46	0.25
47	0.25
48	0.0
49	0.5
50	0.0
51	1.75
52	1.75
53	0.0
54	0.25
55	1.25
56	0.25
57	1.0
58	0.0
59	1.5
60	0.0
61	0.25
62	0.25
63	0.0
64	1.25
65	0.75
66	0.0
67	0.25
68	1.25
69	0.25
70	0.25
71	1.75
72	0.25
73	0.25
74	0.25
75	1.75
76	0.5
77	0.0
78	1.5
79	0.0
80	0.0
81	2.0
82	0.25
83	1.75
84	0.0
85	0.5
86	0.0
87	0.0
88	0.75
89	0.0
90	1.75
91	0.5
92	1.75
93	0.0
94	0.75
95	0.5
96	1.5
97	0.25
98	1.75
99	0.0
100	0.0
101	0.25
102	1.25
103	0.75
104	1.25
105	0.0
106	0.0
107	0.75
108	0.0
109	0.0
110	0.0
111	0.0
112	0.0
