1	0.0
2	0.0
3	0.2857142857142857
4	0.0
5	0.2857142857142857
6	0.0
7	0.0
8	0.2857142857142857
9	0.5714285714285714
10	1.7142857142857142
11	0.0
12	0.0
13	0.2857142857142857
14	0.2857142857142857
15	0.2857142857142857
16	0.0
17	0.5714285714285714
18	0.5714285714285714
19	0.2857142857142857
20	0.0
21	0.2857142857142857
22	0.2857142857142857
23	0.0
24	0.2857142857142857
25	0.0
26	0.0
27	0.2857142857142857
28	1.4285714285714286
29	0.2857142857142857
30	1.4285714285714286
31	0.2857142857142857
32	0.2857142857142857
33	1.4285714285714286
34	0.2857142857142857
35	0.2857142857142857
36	1.4285714285714286
37	0.2857142857142857
38	2.0
39	0.0
40	1.7142857142857142
41	0.2857142857142857
42	0.0
43	0.2857142857142857
44	0.2857142857142857
45	0.0
46	0.2857142857142857
47	0.2857142857142857
48	0.0
49	0.2857142857142857
50	0.0
51	0.5714285714285714
52	0.0
53	0.0
54	0.2857142857142857
55	0.0
56	0.2857142857142857
57	1.4285714285714286
58	0.0
59	0.2857142857142857
60	0.0
61	0.0
62	0.2857142857142857
63	0.0
64	0.0
65	0.5714285714285714
66	0.0
67	0.5714285714285714
68	0.5714285714285714
69	0.2857142857142857
70	0.0
71	0.5714285714285714
72	0.0
73	0.2857142857142857
74	0.0
75	0.5714285714285714
76	0.2857142857142857
77	0.0
78	0.0
79	0.0
80	0.0
81	0.2857142857142857
82	0.2857142857142857
83	0.0
84	1.1428571428571428
85	0.5714285714285714
86	0.0
87	0.0
88	0.2857142857142857
89	0.0
90	0.0
91	0.2857142857142857
92	0.2857142857142857
93	0.0
94	0.2857142857142857
95	0.2857142857142857
96	0.2857142857142857
97	0.0
98	0.2857142857142857
99	0.0
100	0.0
101	0.2857142857142857
102	0.0
103	0.5714285714285714
104	0.0
105	0.0
106	0.0
107	0.2857142857142857
108	0.0
109	0.0
110	0.0
111	0.0
112	0.0
