1	0.25
2	0.25
3	0.25
4	0.0
5	0.25
6	0.0
7	0.0
8	0.25
9	0.25
10	0.25
11	0.0
12	0.0
13	0.25
14	0.25
15	0.25
16	0.0
17	0.25
18	0.25
19	1.25
20	0.25
21	1.25
22	0.25
23	0.25
24	0.25
25	0.0
26	0.0
27	0.25
28	0.0
29	0.25
30	0.0
31	0.25
32	0.25
33	0.25
34	0.25
35	0.25
36	0.25
37	0.25
38	0.75
39	0.0
40	0.25
41	0.25
42	0.0
43	0.25
44	1.5
45	0.0
46	1.75
47	0.25
48	0.0
49	2.0
50	0.25
51	0.5
52	0.0
53	0.0
54	0.25
55	0.0
56	0.25
57	1.0
58	0.0
59	0.75
60	0.0
61	0.25
62	0.5
63	1.5
64	0.0
65	0.5
66	0.0
67	0.25
68	1.25
69	0.25
70	0.0
71	0.5
72	0.0
73	0.25
74	0.0
75	0.5
76	0.25
77	0.25
78	1.75
79	0.0
80	0.0
81	0.25
82	0.25
83	0.0
84	0.0
85	0.5
86	0.0
87	1.25
88	0.25
89	0.25
90	1.75
91	0.25
92	2.0
93	1.25
94	0.25
95	0.25
96	0.25
97	0.5
98	1.5
99	0.25
100	1.5
101	1.5
102	0.5
103	0.5
104	1.25
105	0.0
106	0.5
107	0.5
108	0.0
109	0.0
110	0.0
111	0.0
112	0.0
