1	0.0
2	0.0
3	0.25
4	0.0
5	0.25
6	0.0
7	0.0
8	0.25
9	0.25
10	0.5
11	0.0
12	0.0
13	0.25
14	1.75
15	1.5
16	1.25
17	0.25
18	1.5
19	0.25
20	0.0
21	1.5
22	0.25
23	0.0
24	0.5
25	0.0
26	1.75
27	0.25
28	1.0
29	0.5
30	1.5
31	0.5
32	1.25
33	0.25
34	0.5
35	0.75
36	1.25
37	0.25
38	0.25
39	0.25
40	0.5
41	0.25
42	0.0
43	0.0
44	0.25
45	1.5
46	0.25
47	0.25
48	0.0
49	0.25
50	1.25
51	1.0
52	1.5
53	0.0
54	0.5
55	0.0
56	1.75
57	0.0
58	1.5
59	0.25
60	0.25
61	0.0
62	1.5
63	0.0
64	1.75
65	1.0
66	1.25
67	1.5
68	0.5
69	1.5
70	0.25
71	0.5
72	1.5
73	0.25
74	0.25
75	2.0
76	0.5
77	0.25
78	0.0
79	1.75
80	0.0
81	0.25
82	0.5
83	0.0
84	0.25
85	1.75
86	0.0
87	0.5
88	1.5
89	0.25
90	1.5
91	0.25
92	0.25
93	0.0
94	1.75
95	0.25
96	1.75
97	0.25
98	0.25
99	0.25
100	0.25
101	1.5
102	0.5
103	1.0
104	1.25
105	0.25
106	1.25
107	0.5
108	0.0
109	0.0
110	0.0
111	0.0
112	0.0
