1	0.0
2	0.0
3	0.25
4	0.0
5	0.25
6	0.0
7	0.0
8	0.25
9	0.25
10	0.25
11	0.0
12	1.5
13	0.25
14	0.25
15	0.25
16	1.0
17	0.5
18	0.25
19	1.75
20	0.0
21	0.25
22	1.75
23	0.0
24	1.75
25	0.0
26	0.0
27	0.5
28	1.0
29	0.5
30	0.25
31	1.5
32	0.5
33	1.75
34	0.5
35	1.5
36	0.75
37	0.25
38	0.25
39	0.25
40	1.75
41	0.5
42	0.25
43	0.0
44	0.25
45	1.5
46	2.0
47	0.25
48	0.0
49	0.25
50	0.0
51	0.75
52	0.0
53	0.25
54	1.5
55	0.0
56	2.0
57	0.0
58	1.25
59	0.25
60	0.25
61	0.0
62	0.25
63	1.5
64	1.25
65	1.0
66	1.5
67	0.5
68	0.25
69	1.5
70	0.25
71	1.75
72	0.5
73	0.25
74	1.5
75	2.0
76	0.25
77	0.0
78	0.0
79	0.0
80	0.0
81	0.25
82	0.25
83	0.0
84	1.25
85	0.75
86	0.25
87	0.5
88	1.25
89	0.0
90	1.25
91	0.25
92	1.5
93	0.0
94	1.75
95	0.25
96	0.25
97	0.25
98	1.25
99	0.25
100	0.25
101	0.5
102	0.0
103	1.75
104	0.0
105	0.0
106	0.0
107	0.25
108	0.0
109	0.0
110	0.0
111	0.0
112	0.0
