1	0.0
2	0.0
3	0.25
4	0.0
5	0.25
6	0.0
7	0.0
8	0.25
9	0.25
10	0.25
11	0.0
12	0.0
13	1.75
14	0.25
15	0.5
16	1.25
17	0.5
18	1.5
19	0.25
20	0.0
21	0.5
22	0.25
23	0.0
24	0.25
25	0.0
26	0.25
27	0.5
28	0.0
29	0.5
30	0.0
31	2.0
32	0.25
33	0.5
34	1.5
35	0.5
36	0.25
37	2.0
38	0.25
39	0.5
40	1.5
41	1.25
42	0.25
43	0.0
44	0.5
45	1.25
46	0.25
47	1.5
48	0.0
49	0.5
50	0.25
51	0.75
52	1.5
53	0.0
54	1.75
55	0.5
56	0.25
57	0.25
58	0.0
59	0.25
60	0.25
61	0.0
62	1.5
63	0.25
64	1.25
65	0.75
66	1.25
67	0.25
68	0.0
69	1.5
70	0.5
71	1.75
72	0.25
73	0.25
74	0.25
75	1.75
76	1.75
77	0.0
78	0.0
79	1.75
80	0.25
81	1.5
82	0.25
83	0.0
84	1.25
85	1.0
86	1.75
87	0.0
88	0.25
89	0.0
90	1.5
91	0.75
92	0.25
93	0.0
94	1.5
95	0.25
96	1.75
97	0.0
98	0.75
99	0.0
100	0.25
101	1.25
102	0.25
103	0.5
104	0.0
105	0.0
106	0.0
107	0.25
108	0.0
109	0.0
110	0.0
111	0.0
112	0.0
