1	0.0
2	0.0
3	0.2222222222222222
4	0.0
5	0.2222222222222222
6	0.0
7	0.0
8	0.2222222222222222
9	0.2222222222222222
10	0.2222222222222222
11	1.1111111111111112
12	0.0
13	1.5555555555555556
14	0.2222222222222222
15	1.5555555555555556
16	0.0
17	0.4444444444444444
18	1.3333333333333333
19	0.2222222222222222
20	0.0
21	1.3333333333333333
22	0.2222222222222222
23	0.0
24	1.3333333333333333
25	0.0
26	1.5555555555555556
27	0.2222222222222222
28	0.0
29	0.4444444444444444
30	0.0
31	0.4444444444444444
32	0.4444444444444444
33	1.1111111111111112
34	0.2222222222222222
35	1.3333333333333333
36	0.2222222222222222
37	0.2222222222222222
38	1.3333333333333333
39	0.2222222222222222
40	0.2222222222222222
41	0.2222222222222222
42	1.3333333333333333
43	0.2222222222222222
44	0.2222222222222222
45	1.3333333333333333
46	1.3333333333333333
47	0.4444444444444444
48	0.2222222222222222
49	1.7777777777777777
50	0.0
51	0.4444444444444444
52	0.2222222222222222
53	1.1111111111111112
54	0.4444444444444444
55	0.4444444444444444
56	1.3333333333333333
57	0.0
58	0.0
59	0.2222222222222222
60	1.1111111111111112
61	0.2222222222222222
62	1.1111111111111112
63	0.4444444444444444
64	0.0
65	1.5555555555555556
66	0.0
67	0.4444444444444444
68	0.0
69	1.3333333333333333
70	0.0
71	0.6666666666666666
72	0.2222222222222222
73	0.2222222222222222
74	1.1111111111111112
75	0.6666666666666666
76	0.4444444444444444
77	1.3333333333333333
78	0.2222222222222222
79	1.1111111111111112
80	0.2222222222222222
81	1.3333333333333333
82	1.5555555555555556
83	0.0
84	0.2222222222222222
85	2.0
86	1.3333333333333333
87	0.0
88	1.1111111111111112
89	0.2222222222222222
90	0.0
91	1.5555555555555556
92	0.4444444444444444
93	0.2222222222222222
94	1.3333333333333333
95	0.2222222222222222
96	1.7777777777777777
97	0.0
98	0.4444444444444444
99	0.0
100	1.3333333333333333
101	0.4444444444444444
102	0.2222222222222222
103	0.4444444444444444
104	0.0
105	0.0
106	0.0
107	0.2222222222222222
108	0.2222222222222222
109	0.0
110	0.0
111	0.0
112	0.0
