1	0.0
2	0.0
3	0.25
4	0.0
5	0.25
6	0.0
7	0.0
8	0.25
9	0.25
10	0.5
11	0.0
12	1.0
13	0.5
14	0.25
15	1.25
16	0.0
17	1.75
18	0.25
19	0.5
20	1.25
21	0.25
22	0.25
23	0.0
24	0.5
25	1.25
26	0.0
27	1.75
28	0.0
29	2.0
30	0.0
31	1.75
32	0.5
33	0.25
34	1.75
35	0.5
36	1.75
37	0.25
38	1.5
39	0.25
40	1.5
41	0.25
42	0.5
43	1.25
44	0.25
45	0.25
46	0.25
47	0.25
48	0.25
49	0.75
50	0.0
51	0.5
52	0.0
53	1.5
54	0.5
55	1.25
56	0.5
57	0.0
58	0.5
59	0.25
60	0.0
61	0.0
62	1.5
63	0.25
64	0.25
65	1.75
66	1.5
67	0.25
68	1.5
69	0.25
70	0.25
71	1.75
72	0.25
73	0.5
74	1.5
75	0.5
76	0.25
77	0.25
78	0.0
79	0.25
80	1.5
81	0.25
82	1.75
83	0.0
84	1.0
85	1.0
86	0.25
87	0.0
88	1.5
89	0.0
90	0.25
91	1.5
92	0.25
93	1.25
94	0.25
95	1.75
96	0.5
97	0.0
98	1.75
99	0.0
100	0.0
101	0.25
102	0.0
103	0.5
104	1.75
105	0.0
106	0.0
107	0.25
108	0.0
109	0.0
110	0.0
111	0.0
112	0.0
