1	0.0
2	0.0
3	0.25
4	0.0
5	0.25
6	0.0
7	0.0
8	0.25
9	0.25
10	0.25
11	0.0
12	0.0
13	0.25
14	0.25
15	0.25
16	0.0
17	0.25
18	0.25
19	0.25
20	0.0
21	0.0
22	0.25
23	0.0
24	0.25
25	0.0
26	0.0
27	0.25
28	0.0
29	0.25
30	0.0
31	0.25
32	0.25
33	1.5
34	0.25
35	0.25
36	1.5
37	0.25
38	1.75
39	0.0
40	0.25
41	0.25
42	0.25
43	0.25
44	1.75
45	0.5
46	0.25
47	0.25
48	1.25
49	0.25
50	1.25
51	0.75
52	0.0
53	1.5
54	0.25
55	0.0
56	1.5
57	0.0
58	0.5
59	0.5
60	0.25
61	1.5
62	0.25
63	0.0
64	1.25
65	1.0
66	1.25
67	0.25
68	0.5
69	1.5
70	1.25
71	0.5
72	0.0
73	0.25
74	0.5
75	2.0
76	0.75
77	1.25
78	0.0
79	0.0
80	0.0
81	0.25
82	1.25
83	0.0
84	0.0
85	0.5
86	0.0
87	0.0
88	1.25
89	0.0
90	0.5
91	1.5
92	0.25
93	0.25
94	1.75
95	0.5
96	1.5
97	0.0
98	0.25
99	0.0
100	0.0
101	0.25
102	0.0
103	0.5
104	0.0
105	0.0
106	1.25
107	0.25
108	0.0
109	0.0
110	0.0
111	0.0
112	0.0
