1	0.0
2	0.0
3	0.25
4	0.0
5	0.25
6	0.0
7	0.0
8	0.25
9	0.5
10	1.25
11	0.25
12	0.25
13	2.0
14	0.75
15	0.25
16	0.0
17	1.5
18	0.5
19	1.5
20	0.0
21	1.75
22	0.25
23	0.25
24	1.75
25	0.0
26	0.0
27	1.75
28	0.0
29	0.5
30	1.25
31	1.75
32	1.25
33	0.75
34	1.5
35	0.25
36	0.5
37	0.25
38	0.75
39	0.0
40	0.75
41	1.5
42	0.25
43	0.25
44	0.25
45	1.5
46	0.75
47	0.25
48	1.25
49	0.5
50	1.25
51	1.75
52	0.0
53	0.0
54	1.75
55	0.0
56	0.75
57	1.0
58	0.25
59	0.5
60	0.0
61	1.25
62	1.5
63	1.5
64	0.0
65	0.75
66	0.0
67	1.25
68	0.5
69	0.5
70	0.0
71	1.75
72	0.25
73	0.25
74	0.5
75	0.75
76	0.75
77	1.25
78	0.0
79	0.5
80	0.0
81	1.75
82	0.0
83	0.0
84	1.25
85	0.5
86	1.5
87	0.0
88	0.25
89	1.5
90	1.25
91	0.25
92	1.75
93	1.5
94	0.25
95	0.25
96	0.25
97	0.25
98	1.5
99	1.5
100	0.0
101	1.25
102	0.5
103	1.5
104	0.0
105	0.25
106	1.5
107	0.25
108	0.0
109	0.0
110	0.0
111	0.0
112	0.0
