1	0.0
2	0.0
3	0.2222222222222222
4	0.0
5	0.2222222222222222
6	0.0
7	0.0
8	0.2222222222222222
9	0.2222222222222222
10	0.2222222222222222
11	0.0
12	0.2222222222222222
13	0.4444444444444444
14	0.2222222222222222
15	0.2222222222222222
16	0.2222222222222222
17	1.3333333333333333
18	1.3333333333333333
19	0.4444444444444444
20	0.2222222222222222
21	0.0
22	0.2222222222222222
23	1.5555555555555556
24	0.4444444444444444
25	1.5555555555555556
26	0.0
27	0.2222222222222222
28	0.0
29	0.2222222222222222
30	0.0
31	0.2222222222222222
32	0.2222222222222222
33	0.2222222222222222
34	0.4444444444444444
35	0.4444444444444444
36	1.3333333333333333
37	1.7777777777777777
38	0.2222222222222222
39	0.2222222222222222
40	0.2222222222222222
41	0.2222222222222222
42	0.0
43	0.2222222222222222
44	0.6666666666666666
45	1.1111111111111112
46	0.2222222222222222
47	1.3333333333333333
48	0.0
49	1.7777777777777777
50	0.0
51	1.5555555555555556
52	0.0
53	0.0
54	1.3333333333333333
55	0.2222222222222222
56	1.5555555555555556
57	0.0
58	1.5555555555555556
59	0.2222222222222222
60	0.0
61	0.0
62	0.2222222222222222
63	1.1111111111111112
64	0.0
65	0.4444444444444444
66	1.3333333333333333
67	0.2222222222222222
68	0.0
69	0.4444444444444444
70	0.2222222222222222
71	0.6666666666666666
72	0.0
73	0.2222222222222222
74	0.0
75	0.4444444444444444
76	0.2222222222222222
77	0.0
78	0.0
79	1.1111111111111112
80	0.0
81	0.6666666666666666
82	1.3333333333333333
83	0.0
84	0.0
85	2.0
86	0.0
87	1.3333333333333333
88	0.2222222222222222
89	0.2222222222222222
90	0.2222222222222222
91	1.5555555555555556
92	0.2222222222222222
93	0.0
94	0.2222222222222222
95	1.3333333333333333
96	0.2222222222222222
97	0.0
98	0.2222222222222222
99	0.0
100	1.3333333333333333
101	1.5555555555555556
102	0.0
103	0.4444444444444444
104	0.0
105	0.8888888888888888
106	0.0
107	0.2222222222222222
108	0.0
109	0.0
110	0.0
111	0.0
112	0.0
