1	0.0
2	0.0
3	0.25
4	0.0
5	0.25
6	0.0
7	0.0
8	0.25
9	0.25
10	0.25
11	0.25
12	0.0
13	0.75
14	1.75
15	1.75
16	0.0
17	0.25
18	0.5
19	0.25
20	0.0
21	1.25
22	0.25
23	1.25
24	2.0
25	0.0
26	0.25
27	1.75
28	1.0
29	0.5
30	0.0
31	1.5
32	0.25
33	0.5
34	1.5
35	0.5
36	0.25
37	1.5
38	0.25
39	1.25
40	0.5
41	1.75
42	0.25
43	0.0
44	1.75
45	0.0
46	0.25
47	1.5
48	0.25
49	0.25
50	0.0
51	0.5
52	1.5
53	0.25
54	1.5
55	0.0
56	1.75
57	1.25
58	0.25
59	0.25
60	1.5
61	0.5
62	0.25
63	0.0
64	0.0
65	2.0
66	0.0
67	1.25
68	0.5
69	1.5
70	0.0
71	0.5
72	0.0
73	2.0
74	0.25
75	0.5
76	1.5
77	0.25
78	0.0
79	0.25
80	1.5
81	0.5
82	1.5
83	0.0
84	1.25
85	2.0
86	0.0
87	0.0
88	1.5
89	0.0
90	1.25
91	0.25
92	1.75
93	0.25
94	1.5
95	0.5
96	0.25
97	0.0
98	0.25
99	0.0
100	0.0
101	0.25
102	0.0
103	0.5
104	0.0
105	0.0
106	0.0
107	0.25
108	0.0
109	0.0
110	0.0
111	0.0
112	0.0
