1	0.0
2	0.0
3	0.2857142857142857
4	0.0
5	0.2857142857142857
6	0.0
7	0.0
8	0.2857142857142857
9	0.2857142857142857
10	1.7142857142857142
11	0.0
12	1.4285714285714286
13	0.2857142857142857
14	2.0
15	1.7142857142857142
16	0.2857142857142857
17	0.8571428571428571
18	1.7142857142857142
19	0.5714285714285714
20	0.0
21	0.2857142857142857
22	0.2857142857142857
23	0.0
24	1.7142857142857142
25	0.2857142857142857
26	0.0
27	0.2857142857142857
28	0.0
29	0.8571428571428571
30	0.0
31	1.7142857142857142
32	0.2857142857142857
33	0.8571428571428571
34	0.2857142857142857
35	0.5714285714285714
36	0.2857142857142857
37	0.5714285714285714
38	2.0
39	0.2857142857142857
40	0.2857142857142857
41	0.5714285714285714
42	0.2857142857142857
43	1.7142857142857142
44	2.0
45	0.2857142857142857
46	1.7142857142857142
47	0.8571428571428571
48	1.4285714285714286
49	0.5714285714285714
50	0.2857142857142857
51	0.5714285714285714
52	1.4285714285714286
53	0.0
54	0.2857142857142857
55	0.5714285714285714
56	1.7142857142857142
57	0.2857142857142857
58	0.0
59	0.2857142857142857
60	0.2857142857142857
61	0.0
62	1.4285714285714286
63	0.0
64	1.4285714285714286
65	0.8571428571428571
66	0.0
67	1.4285714285714286
68	1.1428571428571428
69	0.5714285714285714
70	0.5714285714285714
71	2.0
72	2.0
73	0.2857142857142857
74	0.0
75	0.5714285714285714
76	0.2857142857142857
77	0.2857142857142857
78	1.4285714285714286
79	0.0
80	0.0
81	1.7142857142857142
82	0.5714285714285714
83	0.2857142857142857
84	0.0
85	2.0
86	0.0
87	0.5714285714285714
88	1.4285714285714286
89	0.0
90	2.0
91	1.7142857142857142
92	0.8571428571428571
93	1.1428571428571428
94	0.2857142857142857
95	2.0
96	0.5714285714285714
97	1.4285714285714286
98	0.5714285714285714
99	1.7142857142857142
100	1.7142857142857142
101	0.2857142857142857
102	0.5714285714285714
103	0.5714285714285714
104	1.4285714285714286
105	0.0
106	0.2857142857142857
107	0.5714285714285714
108	0.2857142857142857
109	0.0
110	0.0
111	0.0
112	0.0
