1	0.0
2	0.0
3	0.2222222222222222
4	0.0
5	0.2222222222222222
6	0.0
7	0.0
8	0.2222222222222222
9	0.2222222222222222
10	0.2222222222222222
11	0.0
12	0.8888888888888888
13	0.4444444444444444
14	1.5555555555555556
15	0.2222222222222222
16	0.8888888888888888
17	0.4444444444444444
18	0.4444444444444444
19	0.2222222222222222
20	0.0
21	0.0
22	0.4444444444444444
23	1.5555555555555556
24	0.2222222222222222
25	1.1111111111111112
26	0.2222222222222222
27	0.2222222222222222
28	0.0
29	0.2222222222222222
30	1.1111111111111112
31	0.2222222222222222
32	1.1111111111111112
33	0.4444444444444444
34	0.6666666666666666
35	0.2222222222222222
36	1.1111111111111112
37	0.4444444444444444
38	1.3333333333333333
39	0.4444444444444444
40	1.3333333333333333
41	0.4444444444444444
42	0.2222222222222222
43	1.3333333333333333
44	0.2222222222222222
45	1.1111111111111112
46	1.7777777777777777
47	0.2222222222222222
48	0.0
49	0.2222222222222222
50	1.5555555555555556
51	0.4444444444444444
52	0.0
53	0.0
54	0.4444444444444444
55	0.0
56	0.6666666666666666
57	0.8888888888888888
58	0.2222222222222222
59	0.4444444444444444
60	1.3333333333333333
61	0.4444444444444444
62	1.3333333333333333
63	1.1111111111111112
64	0.0
65	2.0
66	0.0
67	1.1111111111111112
68	0.0
69	0.2222222222222222
70	0.0
71	0.6666666666666666
72	1.1111111111111112
73	0.4444444444444444
74	1.5555555555555556
75	1.7777777777777777
76	0.2222222222222222
77	0.0
78	0.0
79	0.0
80	0.0
81	0.2222222222222222
82	1.1111111111111112
83	0.0
84	0.2222222222222222
85	0.4444444444444444
86	0.2222222222222222
87	0.4444444444444444
88	1.1111111111111112
89	0.0
90	0.0
91	1.5555555555555556
92	0.4444444444444444
93	0.2222222222222222
94	1.3333333333333333
95	0.4444444444444444
96	1.3333333333333333
97	0.0
98	0.4444444444444444
99	1.1111111111111112
100	0.4444444444444444
101	0.4444444444444444
102	0.2222222222222222
103	1.3333333333333333
104	0.0
105	1.1111111111111112
106	0.0
107	0.6666666666666666
108	0.8888888888888888
109	0.0
110	0.0
111	0.0
112	0.0
