1	0.0
2	0.0
3	0.25
4	0.0
5	0.25
6	0.0
7	0.0
8	0.25
9	0.25
10	0.25
11	0.0
12	1.25
13	0.5
14	0.25
15	1.75
16	0.25
17	0.5
18	1.5
19	0.5
20	0.25
21	1.25
22	0.25
23	0.25
24	1.75
25	0.0
26	0.25
27	1.5
28	0.25
29	0.5
30	1.5
31	0.25
32	1.25
33	1.25
34	0.25
35	0.25
36	0.5
37	0.25
38	1.75
39	0.25
40	1.5
41	0.5
42	0.25
43	0.0
44	0.25
45	1.5
46	0.25
47	0.25
48	1.5
49	1.5
50	0.0
51	0.5
52	0.0
53	1.5
54	1.75
55	0.25
56	0.25
57	1.0
58	0.25
59	0.75
60	1.5
61	1.75
62	0.5
63	1.25
64	0.0
65	0.75
66	1.25
67	0.25
68	0.0
69	0.5
70	0.0
71	0.5
72	0.25
73	1.75
74	0.5
75	2.0
76	0.5
77	1.25
78	0.0
79	1.5
80	0.25
81	1.5
82	0.25
83	1.5
84	0.0
85	1.75
86	0.0
87	0.0
88	0.25
89	1.25
90	0.25
91	0.5
92	0.25
93	1.25
94	0.25
95	0.25
96	0.25
97	0.0
98	0.25
99	0.0
100	0.0
101	0.25
102	0.0
103	0.5
104	0.0
105	0.25
106	1.5
107	0.25
108	0.0
109	0.0
110	0.0
111	0.0
112	0.0
