1	0.0
2	0.0
3	0.25
4	0.0
5	0.25
6	0.0
7	0.0
8	0.25
9	0.25
10	0.25
11	0.0
12	0.0
13	0.25
14	0.25
15	0.25
16	0.0
17	0.25
18	1.5
19	0.75
20	0.0
21	1.25
22	0.5
23	0.0
24	0.25
25	0.0
26	1.25
27	0.5
28	0.0
29	0.5
30	1.5
31	0.75
32	1.25
33	0.5
34	2.0
35	0.25
36	1.5
37	0.5
38	1.5
39	0.25
40	1.75
41	0.25
42	1.5
43	0.25
44	1.5
45	0.25
46	0.5
47	0.25
48	1.75
49	0.5
50	1.5
51	0.5
52	1.25
53	0.0
54	0.5
55	0.5
56	1.5
57	0.25
58	1.5
59	0.25
60	1.5
61	0.25
62	1.25
63	0.0
64	1.25
65	1.0
66	0.25
67	1.25
68	0.25
69	0.25
70	1.25
71	0.5
72	0.25
73	1.5
74	0.5
75	2.0
76	0.25
77	1.25
78	0.0
79	0.0
80	1.75
81	0.5
82	1.5
83	0.0
84	0.5
85	0.5
86	0.0
87	1.5
88	0.25
89	0.0
90	1.5
91	0.5
92	0.25
93	0.0
94	0.25
95	1.75
96	0.5
97	0.25
98	1.5
99	0.0
100	0.0
101	0.25
102	0.25
103	1.0
104	1.25
105	0.0
106	0.0
107	0.25
108	0.0
109	0.0
110	0.0
111	0.0
112	0.0
