1	0.0
2	0.0
3	0.2857142857142857
4	0.0
5	0.2857142857142857
6	0.0
7	0.0
8	0.2857142857142857
9	0.5714285714285714
10	0.2857142857142857
11	1.7142857142857142
12	1.1428571428571428
13	0.8571428571428571
14	0.5714285714285714
15	0.2857142857142857
16	1.1428571428571428
17	0.5714285714285714
18	2.0
19	0.5714285714285714
20	1.4285714285714286
21	0.2857142857142857
22	0.5714285714285714
23	0.2857142857142857
24	0.5714285714285714
25	0.0
26	0.0
27	0.2857142857142857
28	0.2857142857142857
29	0.8571428571428571
30	0.0
31	0.2857142857142857
32	0.2857142857142857
33	1.4285714285714286
34	0.2857142857142857
35	0.8571428571428571
36	1.4285714285714286
37	0.5714285714285714
38	1.7142857142857142
39	0.2857142857142857
40	2.0
41	0.2857142857142857
42	0.2857142857142857
43	1.4285714285714286
44	0.5714285714285714
45	0.0
46	0.2857142857142857
47	2.0
48	0.0
49	0.8571428571428571
50	1.7142857142857142
51	0.8571428571428571
52	0.2857142857142857
53	0.0
54	2.0
55	0.0
56	2.0
57	1.1428571428571428
58	0.2857142857142857
59	0.2857142857142857
60	0.2857142857142857
61	1.7142857142857142
62	1.4285714285714286
63	0.2857142857142857
64	1.4285714285714286
65	1.1428571428571428
66	0.0
67	2.0
68	1.4285714285714286
69	0.2857142857142857
70	1.4285714285714286
71	0.5714285714285714
72	0.2857142857142857
73	1.7142857142857142
74	0.2857142857142857
75	2.0
76	0.5714285714285714
77	1.7142857142857142
78	0.0
79	1.7142857142857142
80	0.2857142857142857
81	1.7142857142857142
82	0.0
83	1.4285714285714286
84	0.2857142857142857
85	0.5714285714285714
86	0.2857142857142857
87	0.0
88	0.5714285714285714
89	1.4285714285714286
90	1.4285714285714286
91	0.5714285714285714
92	0.2857142857142857
93	0.0
94	0.2857142857142857
95	0.5714285714285714
96	2.0
97	0.0
98	0.2857142857142857
99	1.7142857142857142
100	0.0
101	1.4285714285714286
102	0.5714285714285714
103	0.5714285714285714
104	2.0
105	1.7142857142857142
106	0.0
107	0.5714285714285714
108	0.5714285714285714
109	0.0
110	0.0
111	0.0
112	0.0
