1	0.0
2	0.0
3	0.25
4	0.0
5	0.25
6	0.0
7	0.0
8	0.25
9	0.25
10	0.25
11	0.0
12	0.0
13	1.75
14	0.5
15	0.25
16	0.25
17	1.5
18	1.5
19	0.25
20	0.0
21	0.0
22	0.25
23	1.5
24	0.25
25	0.0
26	0.0
27	0.5
28	0.0
29	0.5
30	1.25
31	1.75
32	0.25
33	0.25
34	1.5
35	0.5
36	0.25
37	0.25
38	1.75
39	0.25
40	0.5
41	1.5
42	0.25
43	0.0
44	0.25
45	1.5
46	0.5
47	1.5
48	0.0
49	1.5
50	1.75
51	0.5
52	1.5
53	0.25
54	1.5
55	0.25
56	0.25
57	1.0
58	0.5
59	0.25
60	0.0
61	1.5
62	1.25
63	0.0
64	0.25
65	0.75
66	1.5
67	0.25
68	0.25
69	0.5
70	1.25
71	2.0
72	0.25
73	1.75
74	0.5
75	0.5
76	0.5
77	0.25
78	0.25
79	1.5
80	0.0
81	0.5
82	0.25
83	1.25
84	1.5
85	0.75
86	0.0
87	1.5
88	0.5
89	1.75
90	0.0
91	0.25
92	0.25
93	0.0
94	1.75
95	0.25
96	0.25
97	0.0
98	0.25
99	0.25
100	0.0
101	0.25
102	0.0
103	0.5
104	0.0
105	0.0
106	0.0
107	0.5
108	0.0
109	0.0
110	0.0
111	0.0
112	0.0
