1	0.0
2	0.0
3	0.2857142857142857
4	0.0
5	0.2857142857142857
6	0.0
7	0.0
8	0.2857142857142857
9	0.2857142857142857
10	0.2857142857142857
11	0.2857142857142857
12	1.1428571428571428
13	0.2857142857142857
14	0.5714285714285714
15	1.7142857142857142
16	0.0
17	2.0
18	0.2857142857142857
19	1.4285714285714286
20	1.7142857142857142
21	0.2857142857142857
22	1.7142857142857142
23	0.2857142857142857
24	0.5714285714285714
25	0.0
26	1.7142857142857142
27	1.7142857142857142
28	1.1428571428571428
29	0.5714285714285714
30	0.0
31	2.0
32	0.2857142857142857
33	1.7142857142857142
34	0.5714285714285714
35	1.7142857142857142
36	0.5714285714285714
37	1.7142857142857142
38	0.5714285714285714
39	0.0
40	2.0
41	0.8571428571428571
42	2.0
43	1.4285714285714286
44	0.5714285714285714
45	0.2857142857142857
46	0.5714285714285714
47	2.0
48	0.0
49	0.5714285714285714
50	0.0
51	0.5714285714285714
52	0.2857142857142857
53	0.2857142857142857
54	1.7142857142857142
55	0.2857142857142857
56	0.2857142857142857
57	1.4285714285714286
58	0.0
59	0.2857142857142857
60	2.0
61	0.2857142857142857
62	1.4285714285714286
63	0.0
64	1.7142857142857142
65	0.5714285714285714
66	0.0
67	1.7142857142857142
68	0.2857142857142857
69	2.0
70	0.2857142857142857
71	2.0
72	0.2857142857142857
73	1.7142857142857142
74	0.5714285714285714
75	2.0
76	0.2857142857142857
77	0.2857142857142857
78	0.0
79	1.7142857142857142
80	0.0
81	1.7142857142857142
82	0.2857142857142857
83	0.2857142857142857
84	0.0
85	0.8571428571428571
86	0.0
87	0.5714285714285714
88	1.4285714285714286
89	0.2857142857142857
90	1.4285714285714286
91	0.8571428571428571
92	2.0
93	0.2857142857142857
94	0.2857142857142857
95	0.2857142857142857
96	2.0
97	0.2857142857142857
98	0.5714285714285714
99	1.4285714285714286
100	0.2857142857142857
101	1.7142857142857142
102	0.2857142857142857
103	0.8571428571428571
104	1.7142857142857142
105	0.2857142857142857
106	1.4285714285714286
107	0.5714285714285714
108	0.0
109	0.0
110	0.0
111	0.0
112	0.0
