1	0.0
2	0.0
3	0.2857142857142857
4	0.0
5	0.2857142857142857
6	0.0
7	0.0
8	0.2857142857142857
9	0.2857142857142857
10	0.2857142857142857
11	0.0
12	0.0
13	0.2857142857142857
14	0.5714285714285714
15	2.0
16	0.0
17	0.5714285714285714
18	0.2857142857142857
19	0.5714285714285714
20	0.2857142857142857
21	0.2857142857142857
22	1.7142857142857142
23	0.2857142857142857
24	0.5714285714285714
25	0.0
26	0.2857142857142857
27	0.2857142857142857
28	0.0
29	0.5714285714285714
30	0.0
31	0.2857142857142857
32	1.7142857142857142
33	0.5714285714285714
34	0.5714285714285714
35	2.0
36	0.2857142857142857
37	0.5714285714285714
38	0.2857142857142857
39	1.7142857142857142
40	0.8571428571428571
41	0.2857142857142857
42	0.0
43	0.2857142857142857
44	1.7142857142857142
45	0.2857142857142857
46	0.2857142857142857
47	0.2857142857142857
48	0.0
49	0.2857142857142857
50	0.0
51	0.5714285714285714
52	0.0
53	0.0
54	0.2857142857142857
55	0.0
56	2.0
57	0.2857142857142857
58	1.4285714285714286
59	0.5714285714285714
60	1.4285714285714286
61	1.4285714285714286
62	0.2857142857142857
63	0.2857142857142857
64	1.4285714285714286
65	0.5714285714285714
66	2.0
67	0.2857142857142857
68	0.0
69	0.8571428571428571
70	1.4285714285714286
71	0.5714285714285714
72	1.4285714285714286
73	0.5714285714285714
74	0.0
75	0.5714285714285714
76	0.2857142857142857
77	0.0
78	0.0
79	0.0
80	0.0
81	0.2857142857142857
82	0.0
83	0.2857142857142857
84	0.2857142857142857
85	2.0
86	0.0
87	0.2857142857142857
88	0.2857142857142857
89	2.0
90	0.2857142857142857
91	1.4285714285714286
92	0.8571428571428571
93	0.0
94	0.2857142857142857
95	1.7142857142857142
96	1.7142857142857142
97	0.2857142857142857
98	1.4285714285714286
99	0.2857142857142857
100	0.0
101	0.2857142857142857
102	0.0
103	0.5714285714285714
104	0.0
105	0.0
106	0.0
107	0.5714285714285714
108	0.0
109	0.0
110	0.0
111	0.0
112	0.0
