1	0.0
2	0.0
3	0.25
4	0.0
5	0.25
6	0.0
7	0.0
8	0.25
9	0.25
10	0.5
11	0.0
12	0.0
13	0.5
14	0.25
15	1.5
16	0.0
17	1.75
18	0.25
19	0.5
20	0.0
21	1.5
22	0.5
23	0.0
24	0.75
25	0.0
26	1.25
27	0.5
28	1.0
29	0.5
30	0.5
31	0.25
32	1.25
33	0.75
34	0.25
35	1.5
36	0.25
37	1.5
38	0.25
39	1.25
40	0.75
41	1.5
42	0.25
43	0.0
44	0.25
45	0.0
46	0.25
47	0.5
48	1.25
49	0.75
50	0.0
51	2.0
52	0.0
53	0.0
54	0.25
55	1.75
56	0.5
57	0.0
58	0.25
59	2.0
60	0.0
61	0.5
62	1.25
63	0.25
64	0.0
65	0.75
66	0.0
67	0.25
68	1.25
69	1.5
70	0.25
71	0.5
72	0.5
73	0.25
74	0.25
75	2.0
76	1.5
77	0.25
78	1.25
79	0.0
80	0.0
81	0.25
82	1.5
83	0.5
84	1.0
85	0.5
86	1.25
87	1.75
88	0.75
89	0.0
90	1.5
91	0.5
92	1.5
93	1.25
94	0.75
95	0.25
96	0.25
97	0.0
98	0.25
99	0.0
100	1.5
101	1.25
102	0.25
103	0.5
104	1.25
105	0.5
106	0.0
107	0.5
108	0.0
109	0.0
110	0.0
111	0.0
112	0.0
