1	0.0
2	0.0
3	0.25
4	0.0
5	0.25
6	0.0
7	0.0
8	0.25
9	0.25
10	0.25
11	1.0
12	0.0
13	0.5
14	0.5
15	1.5
16	0.0
17	0.5
18	1.5
19	0.25
20	0.25
21	1.5
22	0.25
23	0.0
24	1.5
25	0.0
26	0.5
27	1.5
28	0.25
29	1.75
30	0.25
31	0.5
32	1.25
33	0.75
34	1.75
35	0.25
36	1.25
37	0.5
38	1.75
39	0.0
40	0.25
41	0.25
42	0.5
43	0.25
44	1.75
45	0.25
46	0.5
47	1.5
48	0.0
49	0.5
50	0.0
51	0.75
52	0.0
53	1.5
54	1.5
55	0.25
56	0.25
57	1.0
58	0.25
59	0.25
60	1.5
61	0.25
62	0.25
63	1.5
64	0.0
65	0.75
66	0.0
67	1.25
68	0.5
69	1.75
70	1.25
71	0.5
72	1.75
73	0.25
74	0.25
75	1.75
76	0.5
77	0.0
78	0.25
79	1.75
80	0.0
81	1.75
82	0.0
83	0.0
84	0.0
85	2.0
86	0.0
87	1.75
88	0.25
89	1.75
90	0.25
91	0.75
92	1.75
93	1.0
94	0.5
95	0.25
96	0.5
97	0.0
98	0.5
99	0.25
100	0.25
101	1.75
102	0.0
103	1.75
104	0.0
105	1.25
106	0.25
107	0.25
108	0.0
109	0.0
110	0.0
111	0.0
112	0.0
