1	0.0
2	0.0
3	0.25
4	0.0
5	0.25
6	0.0
7	0.0
8	0.25
9	0.25
10	0.25
11	0.0
12	0.0
13	0.25
14	0.25
15	0.75
16	0.0
17	1.25
18	0.25
19	0.25
20	0.0
21	1.5
22	0.5
23	0.0
24	0.5
25	0.0
26	0.25
27	2.0
28	0.0
29	0.5
30	1.25
31	0.25
32	1.25
33	0.75
34	1.75
35	0.5
36	0.5
37	0.5
38	1.5
39	0.0
40	0.25
41	1.25
42	0.0
43	0.5
44	0.25
45	0.0
46	1.5
47	0.5
48	1.5
49	0.25
50	0.25
51	0.75
52	0.0
53	0.0
54	1.5
55	0.25
56	1.5
57	0.25
58	0.0
59	0.25
60	0.0
61	1.75
62	1.25
63	0.25
64	0.0
65	0.75
66	0.0
67	0.25
68	0.25
69	0.5
70	0.25
71	2.0
72	0.25
73	1.5
74	0.0
75	0.5
76	0.25
77	1.25
78	0.0
79	1.25
80	0.5
81	0.25
82	0.0
83	0.0
84	0.0
85	0.5
86	0.0
87	0.0
88	0.25
89	0.0
90	1.5
91	0.25
92	1.5
93	0.5
94	0.25
95	1.75
96	1.75
97	0.0
98	0.5
99	1.5
100	0.0
101	0.25
102	0.0
103	0.5
104	0.0
105	0.0
106	0.0
107	0.25
108	0.25
109	0.0
110	0.0
111	0.0
112	0.0
