1	0.0
2	0.0
3	0.25
4	0.0
5	0.25
6	0.0
7	0.0
8	0.25
9	0.25
10	0.25
11	1.25
12	0.0
13	1.75
14	0.5
15	0.25
16	0.0
17	1.75
18	0.25
19	0.75
20	0.0
21	1.5
22	0.25
23	0.25
24	0.25
25	1.25
26	0.25
27	0.25
28	0.0
29	0.5
30	0.25
31	1.75
32	0.5
33	1.5
34	0.25
35	1.25
36	0.25
37	1.5
38	0.5
39	1.25
40	0.5
41	0.5
42	1.5
43	0.0
44	1.75
45	0.25
46	2.0
47	0.5
48	1.5
49	0.25
50	1.75
51	1.75
52	0.0
53	1.25
54	0.5
55	0.0
56	1.5
57	0.0
58	0.0
59	1.5
60	0.25
61	0.25
62	1.5
63	1.5
64	0.25
65	2.0
66	0.0
67	0.5
68	1.25
69	0.5
70	0.25
71	1.75
72	0.25
73	1.5
74	0.25
75	0.5
76	1.75
77	0.25
78	0.0
79	1.25
80	0.0
81	1.75
82	0.25
83	1.5
84	1.0
85	0.5
86	1.25
87	0.25
88	0.25
89	1.25
90	1.75
91	0.5
92	0.25
93	0.25
94	1.75
95	1.5
96	1.75
97	0.25
98	0.25
99	0.0
100	0.0
101	0.25
102	0.0
103	0.5
104	0.0
105	0.0
106	0.0
107	0.25
108	0.0
109	0.0
110	0.0
111	0.0
112	0.0
