1	0.0
2	0.0
3	0.25
4	0.0
5	0.25
6	0.0
7	0.0
8	0.25
9	0.25
10	0.25
11	0.0
12	0.0
13	0.25
14	0.25
15	0.25
16	0.25
17	0.25
18	0.5
19	1.25
20	0.0
21	0.0
22	0.25
23	0.0
24	1.75
25	0.0
26	1.5
27	0.25
28	0.0
29	1.75
30	0.0
31	0.5
32	0.25
33	0.5
34	1.75
35	0.5
36	1.5
37	0.25
38	1.5
39	0.25
40	1.5
41	0.25
42	1.5
43	0.0
44	0.5
45	1.75
46	0.25
47	0.25
48	1.5
49	1.75
50	0.25
51	1.75
52	0.0
53	1.25
54	0.5
55	0.25
56	1.75
57	0.25
58	0.0
59	0.5
60	1.25
61	1.75
62	1.25
63	0.0
64	0.0
65	2.0
66	0.0
67	0.25
68	0.0
69	0.25
70	0.25
71	2.0
72	0.25
73	0.25
74	1.75
75	0.5
76	0.25
77	0.0
78	0.0
79	1.25
80	1.5
81	0.25
82	1.5
83	0.25
84	0.0
85	0.5
86	0.0
87	0.25
88	1.75
89	0.0
90	1.5
91	1.5
92	0.25
93	1.25
94	0.5
95	0.5
96	1.75
97	0.25
98	0.25
99	0.0
100	0.0
101	0.5
102	0.0
103	0.75
104	0.0
105	1.25
106	0.0
107	0.25
108	0.0
109	0.0
110	0.0
111	0.0
112	0.0
