1	0.0
2	0.0
3	0.25
4	0.0
5	0.25
6	0.0
7	0.0
8	0.25
9	1.5
10	0.5
11	0.25
12	1.25
13	0.25
14	2.0
15	1.5
16	0.0
17	0.25
18	0.5
19	1.5
20	0.25
21	1.5
22	1.5
23	0.0
24	1.75
25	0.0
26	1.75
27	0.25
28	1.0
29	0.75
30	1.5
31	0.5
32	1.25
33	0.5
34	1.5
35	0.25
36	0.5
37	0.25
38	0.5
39	0.0
40	0.25
41	1.5
42	0.25
43	0.0
44	1.5
45	1.5
46	0.25
47	0.5
48	0.25
49	1.75
50	0.0
51	0.75
52	0.0
53	1.25
54	0.25
55	1.5
56	0.5
57	1.0
58	0.5
59	0.25
60	1.5
61	0.25
62	1.25
63	0.0
64	0.0
65	0.75
66	0.0
67	1.25
68	0.25
69	0.5
70	1.25
71	0.5
72	1.75
73	0.75
74	1.5
75	0.5
76	0.5
77	0.0
78	0.0
79	0.25
80	1.5
81	0.25
82	1.75
83	0.25
84	0.25
85	1.75
86	0.25
87	1.5
88	0.25
89	1.5
90	1.25
91	0.5
92	0.5
93	1.0
94	0.25
95	0.5
96	2.0
97	0.0
98	0.25
99	0.0
100	0.0
101	0.25
102	0.25
103	2.0
104	1.25
105	1.25
106	0.5
107	2.0
108	0.0
109	0.0
110	0.0
111	0.0
112	0.0
