1	0.0
2	0.0
3	0.25
4	0.0
5	0.25
6	0.0
7	0.0
8	0.25
9	0.25
10	1.75
11	0.0
12	0.0
13	1.5
14	0.5
15	1.25
16	0.0
17	1.25
18	0.25
19	1.5
20	0.0
21	1.25
22	0.25
23	0.5
24	1.5
25	1.5
26	0.0
27	1.75
28	0.0
29	0.5
30	1.25
31	2.0
32	0.25
33	0.25
34	0.5
35	0.25
36	0.5
37	0.5
38	1.5
39	0.25
40	0.5
41	0.5
42	0.0
43	1.5
44	0.5
45	1.5
46	0.25
47	0.25
48	1.5
49	0.25
50	1.5
51	1.0
52	1.5
53	0.25
54	1.5
55	0.5
56	1.5
57	0.25
58	0.25
59	1.5
60	0.0
61	0.5
62	1.25
63	0.5
64	1.25
65	0.75
66	0.0
67	1.25
68	0.0
69	0.5
70	1.0
71	0.5
72	0.25
73	1.75
74	0.5
75	1.75
76	0.5
77	0.5
78	1.25
79	0.25
80	1.25
81	0.5
82	0.25
83	1.5
84	0.0
85	0.5
86	1.75
87	0.5
88	1.25
89	0.0
90	0.0
91	0.5
92	1.75
93	0.0
94	0.5
95	0.25
96	0.25
97	1.0
98	0.25
99	0.0
100	0.0
101	0.25
102	0.0
103	0.5
104	1.5
105	0.25
106	1.25
107	0.25
108	0.0
109	0.0
110	0.0
111	0.0
112	0.0
