1	0.0
2	0.0
3	0.25
4	0.0
5	0.25
6	0.0
7	0.0
8	0.25
9	0.25
10	0.25
11	0.0
12	0.0
13	0.25
14	0.25
15	0.25
16	0.0
17	0.25
18	0.25
19	0.25
20	0.0
21	0.0
22	0.25
23	0.0
24	0.25
25	0.0
26	0.0
27	0.25
28	0.0
29	0.25
30	0.0
31	0.25
32	0.25
33	0.25
34	1.75
35	0.25
36	0.5
37	1.5
38	0.25
39	1.5
40	0.25
41	0.25
42	0.0
43	1.5
44	0.25
45	1.5
46	0.25
47	0.25
48	0.25
49	1.5
50	0.5
51	0.5
52	0.0
53	0.0
54	0.25
55	1.25
56	0.5
57	1.25
58	0.0
59	1.5
60	0.25
61	0.0
62	0.25
63	1.5
64	0.0
65	0.5
66	0.25
67	0.25
68	0.0
69	1.5
70	0.25
71	2.0
72	0.0
73	0.5
74	0.25
75	2.0
76	0.5
77	0.0
78	1.25
79	0.0
80	0.0
81	0.25
82	0.0
83	0.0
84	0.0
85	0.5
86	0.0
87	0.25
88	0.25
89	0.25
90	1.5
91	0.5
92	1.75
93	0.0
94	1.75
95	0.5
96	0.25
97	0.0
98	0.25
99	0.0
100	0.0
101	0.25
102	0.0
103	0.5
104	0.0
105	0.0
106	0.0
107	0.5
108	0.5
109	0.0
110	0.0
111	0.0
112	0.0
