1	0.0
2	0.0
3	0.2222222222222222
4	0.0
5	0.2222222222222222
6	0.0
7	0.0
8	0.2222222222222222
9	0.4444444444444444
10	0.2222222222222222
11	0.0
12	0.0
13	0.2222222222222222
14	0.2222222222222222
15	0.2222222222222222
16	0.8888888888888888
17	1.3333333333333333
18	0.2222222222222222
19	0.2222222222222222
20	0.0
21	1.3333333333333333
22	0.2222222222222222
23	0.2222222222222222
24	0.2222222222222222
25	0.0
26	1.3333333333333333
27	0.6666666666666666
28	0.0
29	1.5555555555555556
30	0.0
31	1.5555555555555556
32	0.2222222222222222
33	1.1111111111111112
34	0.6666666666666666
35	0.2222222222222222
36	1.3333333333333333
37	0.2222222222222222
38	1.5555555555555556
39	0.4444444444444444
40	1.3333333333333333
41	0.6666666666666666
42	0.2222222222222222
43	1.3333333333333333
44	1.3333333333333333
45	0.0
46	1.5555555555555556
47	0.2222222222222222
48	0.0
49	0.2222222222222222
50	1.1111111111111112
51	0.4444444444444444
52	0.2222222222222222
53	0.2222222222222222
54	1.3333333333333333
55	0.0
56	0.2222222222222222
57	0.0
58	1.3333333333333333
59	1.5555555555555556
60	0.2222222222222222
61	1.1111111111111112
62	0.4444444444444444
63	1.3333333333333333
64	0.0
65	2.0
66	1.5555555555555556
67	0.2222222222222222
68	1.1111111111111112
69	0.2222222222222222
70	1.3333333333333333
71	0.4444444444444444
72	1.3333333333333333
73	0.2222222222222222
74	0.0
75	0.4444444444444444
76	0.2222222222222222
77	0.0
78	0.0
79	0.0
80	0.0
81	0.2222222222222222
82	0.2222222222222222
83	0.0
84	0.2222222222222222
85	0.4444444444444444
86	1.1111111111111112
87	0.4444444444444444
88	0.4444444444444444
89	1.3333333333333333
90	0.2222222222222222
91	0.4444444444444444
92	0.2222222222222222
93	0.2222222222222222
94	1.3333333333333333
95	0.2222222222222222
96	0.2222222222222222
97	1.3333333333333333
98	0.2222222222222222
99	0.0
100	0.0
101	0.2222222222222222
102	0.0
103	0.4444444444444444
104	0.0
105	0.0
106	0.0
107	0.4444444444444444
108	0.0
109	0.0
110	0.0
111	0.0
112	0.0
