1	0.0
2	0.0
3	0.25
4	0.0
5	0.25
6	0.0
7	0.0
8	0.25
9	0.25
10	0.5
11	1.0
12	0.0
13	2.0
14	0.5
15	1.5
16	0.25
17	0.25
18	1.5
19	0.5
20	0.0
21	0.25
22	0.25
23	0.0
24	1.75
25	0.0
26	1.5
27	0.5
28	1.25
29	1.75
30	0.0
31	0.5
32	0.75
33	1.25
34	0.25
35	1.5
36	0.5
37	1.5
38	0.5
39	0.0
40	1.5
41	0.25
42	1.5
43	0.25
44	1.5
45	0.25
46	0.25
47	0.25
48	1.25
49	0.75
50	0.0
51	1.75
52	0.0
53	0.0
54	0.5
55	1.25
56	0.25
57	1.0
58	0.0
59	0.25
60	0.25
61	1.75
62	0.25
63	0.0
64	1.5
65	0.5
66	1.75
67	0.25
68	1.0
69	0.5
70	0.0
71	0.5
72	0.5
73	1.5
74	0.25
75	0.5
76	0.25
77	1.5
78	0.0
79	0.25
80	1.25
81	0.5
82	1.5
83	0.25
84	0.25
85	1.75
86	0.0
87	0.0
88	0.5
89	1.25
90	0.25
91	0.5
92	0.25
93	1.5
94	0.75
95	0.25
96	1.75
97	0.0
98	1.75
99	0.25
100	1.25
101	0.75
102	1.75
103	0.5
104	0.5
105	0.0
106	1.25
107	0.25
108	0.0
109	0.0
110	0.0
111	0.0
112	0.0
