1	0.0
2	0.0
3	0.25
4	0.0
5	0.25
6	0.0
7	0.0
8	0.25
9	0.25
10	1.25
11	0.25
12	0.0
13	0.5
14	1.75
15	0.75
16	0.0
17	0.25
18	0.25
19	0.5
20	0.0
21	0.0
22	2.0
23	0.0
24	0.5
25	0.0
26	1.5
27	0.5
28	1.0
29	0.75
30	1.25
31	0.5
32	1.5
33	1.25
34	0.25
35	0.5
36	0.25
37	1.5
38	0.25
39	0.25
40	0.25
41	1.5
42	0.25
43	0.25
44	0.25
45	1.25
46	0.5
47	1.25
48	0.25
49	1.5
50	0.25
51	2.0
52	1.75
53	0.25
54	0.5
55	1.25
56	0.25
57	1.0
58	0.0
59	1.75
60	0.0
61	1.75
62	0.5
63	1.75
64	1.25
65	2.0
66	1.5
67	0.5
68	1.25
69	0.5
70	1.0
71	0.5
72	0.25
73	1.75
74	0.25
75	1.75
76	0.5
77	0.0
78	0.0
79	1.25
80	1.5
81	0.25
82	0.0
83	0.0
84	0.25
85	0.5
86	0.25
87	1.25
88	1.5
89	0.0
90	1.75
91	0.25
92	1.5
93	0.25
94	0.25
95	0.25
96	0.25
97	0.0
98	0.5
99	0.25
100	1.25
101	0.25
102	0.0
103	0.5
104	1.75
105	0.0
106	1.25
107	0.25
108	0.0
109	0.0
110	0.0
111	0.0
112	0.0
