1	0.0
2	0.0
3	0.2857142857142857
4	0.0
5	0.2857142857142857
6	0.0
7	0.0
8	0.2857142857142857
9	0.2857142857142857
10	0.2857142857142857
11	0.2857142857142857
12	0.0
13	0.2857142857142857
14	2.0
15	0.5714285714285714
16	1.1428571428571428
17	0.8571428571428571
18	0.2857142857142857
19	1.7142857142857142
20	0.2857142857142857
21	1.7142857142857142
22	0.5714285714285714
23	0.0
24	0.5714285714285714
25	0.0
26	0.0
27	0.2857142857142857
28	1.7142857142857142
29	0.5714285714285714
30	0.2857142857142857
31	0.8571428571428571
32	1.4285714285714286
33	0.2857142857142857
34	0.2857142857142857
35	2.0
36	0.5714285714285714
37	0.5714285714285714
38	2.0
39	0.0
40	0.5714285714285714
41	1.7142857142857142
42	0.2857142857142857
43	0.0
44	0.2857142857142857
45	0.0
46	0.5714285714285714
47	1.4285714285714286
48	0.2857142857142857
49	1.7142857142857142
50	0.0
51	0.5714285714285714
52	1.4285714285714286
53	1.4285714285714286
54	0.2857142857142857
55	0.0
56	0.2857142857142857
57	1.4285714285714286
58	0.0
59	1.7142857142857142
60	0.0
61	0.2857142857142857
62	0.8571428571428571
63	0.0
64	1.7142857142857142
65	0.5714285714285714
66	0.0
67	0.2857142857142857
68	0.0
69	0.2857142857142857
70	0.2857142857142857
71	0.5714285714285714
72	0.0
73	0.2857142857142857
74	0.0
75	0.5714285714285714
76	0.2857142857142857
77	0.0
78	1.7142857142857142
79	0.0
80	0.2857142857142857
81	1.7142857142857142
82	0.2857142857142857
83	0.2857142857142857
84	1.4285714285714286
85	0.5714285714285714
86	0.0
87	0.2857142857142857
88	0.5714285714285714
89	0.2857142857142857
90	0.2857142857142857
91	0.2857142857142857
92	1.7142857142857142
93	0.5714285714285714
94	1.7142857142857142
95	0.2857142857142857
96	0.2857142857142857
97	0.5714285714285714
98	1.7142857142857142
99	0.2857142857142857
100	1.7142857142857142
101	0.8571428571428571
102	0.0
103	0.5714285714285714
104	0.0
105	0.0
106	0.0
107	0.2857142857142857
108	0.0
109	0.0
110	0.0
111	0.0
112	0.0
