1	0.0
2	0.0
3	0.25
4	0.0
5	0.25
6	0.0
7	0.0
8	0.25
9	0.25
10	0.25
11	0.0
12	1.5
13	0.25
14	0.5
15	1.5
16	0.25
17	1.5
18	1.75
19	0.25
20	0.0
21	0.5
22	0.25
23	0.25
24	1.5
25	0.0
26	0.25
27	0.5
28	1.25
29	0.25
30	0.0
31	0.25
32	0.25
33	1.5
34	0.25
35	1.5
36	0.25
37	1.75
38	1.5
39	0.25
40	0.25
41	0.25
42	1.5
43	0.0
44	1.75
45	0.5
46	0.25
47	1.75
48	0.0
49	2.0
50	0.0
51	1.75
52	0.0
53	0.0
54	0.25
55	1.25
56	0.25
57	0.25
58	0.25
59	1.5
60	0.0
61	0.0
62	0.25
63	1.75
64	0.0
65	2.0
66	0.0
67	0.5
68	1.25
69	0.25
70	1.25
71	0.75
72	0.25
73	1.75
74	0.25
75	0.5
76	2.0
77	1.5
78	0.0
79	1.75
80	0.0
81	0.25
82	1.75
83	0.0
84	1.25
85	0.5
86	0.0
87	0.0
88	1.5
89	1.5
90	0.25
91	1.75
92	0.5
93	0.25
94	1.75
95	2.0
96	1.75
97	0.25
98	0.25
99	0.0
100	0.25
101	0.25
102	0.0
103	1.0
104	0.0
105	1.25
106	0.25
107	0.25
108	0.0
109	0.0
110	0.0
111	0.0
112	0.0
