1	0.0
2	0.0
3	0.2857142857142857
4	0.0
5	0.2857142857142857
6	0.0
7	0.0
8	0.2857142857142857
9	0.2857142857142857
10	0.2857142857142857
11	0.0
12	1.1428571428571428
13	0.5714285714285714
14	1.7142857142857142
15	0.2857142857142857
16	0.2857142857142857
17	1.4285714285714286
18	0.2857142857142857
19	0.2857142857142857
20	0.0
21	0.5714285714285714
22	0.2857142857142857
23	0.0
24	0.8571428571428571
25	0.0
26	0.2857142857142857
27	0.2857142857142857
28	1.4285714285714286
29	0.2857142857142857
30	1.4285714285714286
31	0.2857142857142857
32	0.2857142857142857
33	1.7142857142857142
34	0.5714285714285714
35	1.4285714285714286
36	0.8571428571428571
37	0.2857142857142857
38	2.0
39	0.2857142857142857
40	0.5714285714285714
41	1.7142857142857142
42	0.0
43	1.7142857142857142
44	0.5714285714285714
45	2.0
46	0.2857142857142857
47	0.5714285714285714
48	1.4285714285714286
49	0.2857142857142857
50	0.2857142857142857
51	0.8571428571428571
52	1.4285714285714286
53	0.2857142857142857
54	1.7142857142857142
55	0.0
56	2.0
57	0.2857142857142857
58	0.0
59	0.2857142857142857
60	0.5714285714285714
61	0.0
62	1.4285714285714286
63	0.0
64	1.7142857142857142
65	1.1428571428571428
66	1.4285714285714286
67	1.4285714285714286
68	0.0
69	0.8571428571428571
70	1.1428571428571428
71	0.5714285714285714
72	1.7142857142857142
73	0.2857142857142857
74	0.2857142857142857
75	2.0
76	0.2857142857142857
77	0.0
78	0.0
79	0.0
80	0.0
81	0.5714285714285714
82	0.0
83	1.4285714285714286
84	1.4285714285714286
85	0.5714285714285714
86	0.0
87	0.2857142857142857
88	0.2857142857142857
89	1.7142857142857142
90	0.0
91	1.7142857142857142
92	0.5714285714285714
93	0.0
94	1.7142857142857142
95	1.7142857142857142
96	0.2857142857142857
97	1.1428571428571428
98	0.2857142857142857
99	0.0
100	0.2857142857142857
101	0.5714285714285714
102	1.7142857142857142
103	1.1428571428571428
104	1.4285714285714286
105	0.0
106	1.7142857142857142
107	0.5714285714285714
108	0.0
109	0.0
110	0.0
111	0.0
112	0.0
