1	0.0
2	0.0
3	0.2857142857142857
4	0.0
5	0.2857142857142857
6	0.0
7	0.0
8	0.2857142857142857
9	0.2857142857142857
10	0.2857142857142857
11	1.4285714285714286
12	0.2857142857142857
13	0.5714285714285714
14	1.7142857142857142
15	0.2857142857142857
16	0.5714285714285714
17	0.2857142857142857
18	0.2857142857142857
19	0.2857142857142857
20	0.0
21	0.2857142857142857
22	1.7142857142857142
23	0.0
24	0.8571428571428571
25	0.0
26	0.2857142857142857
27	2.0
28	0.2857142857142857
29	2.0
30	0.0
31	0.5714285714285714
32	1.7142857142857142
33	0.5714285714285714
34	1.7142857142857142
35	0.5714285714285714
36	1.4285714285714286
37	0.2857142857142857
38	0.2857142857142857
39	2.0
40	0.2857142857142857
41	0.2857142857142857
42	0.0
43	0.0
44	0.8571428571428571
45	0.2857142857142857
46	0.2857142857142857
47	1.7142857142857142
48	1.7142857142857142
49	1.7142857142857142
50	0.2857142857142857
51	0.8571428571428571
52	0.0
53	1.7142857142857142
54	0.2857142857142857
55	0.0
56	0.5714285714285714
57	0.0
58	1.7142857142857142
59	0.2857142857142857
60	1.7142857142857142
61	2.0
62	0.2857142857142857
63	1.4285714285714286
64	0.0
65	0.5714285714285714
66	0.2857142857142857
67	1.4285714285714286
68	0.5714285714285714
69	2.0
70	0.0
71	1.1428571428571428
72	0.2857142857142857
73	1.7142857142857142
74	0.0
75	0.8571428571428571
76	0.2857142857142857
77	0.5714285714285714
78	1.7142857142857142
79	1.7142857142857142
80	1.7142857142857142
81	0.2857142857142857
82	0.2857142857142857
83	1.7142857142857142
84	1.4285714285714286
85	0.5714285714285714
86	0.0
87	0.0
88	1.7142857142857142
89	1.7142857142857142
90	0.2857142857142857
91	0.2857142857142857
92	0.8571428571428571
93	1.1428571428571428
94	0.5714285714285714
95	0.5714285714285714
96	0.2857142857142857
97	1.4285714285714286
98	0.5714285714285714
99	0.0
100	0.2857142857142857
101	1.4285714285714286
102	0.0
103	1.1428571428571428
104	1.4285714285714286
105	0.2857142857142857
106	0.2857142857142857
107	0.2857142857142857
108	0.0
109	0.0
110	0.0
111	0.0
112	0.0
