1	0.0
2	0.0
3	0.25
4	0.0
5	0.25
6	0.0
7	0.0
8	0.25
9	0.25
10	0.5
11	0.0
12	1.0
13	0.25
14	0.5
15	0.5
16	0.0
17	0.25
18	1.75
19	0.5
20	1.75
21	0.5
22	1.5
23	0.0
24	2.0
25	0.0
26	0.0
27	0.75
28	0.0
29	1.75
30	0.0
31	0.5
32	1.25
33	0.25
34	1.75
35	0.75
36	0.25
37	1.75
38	0.25
39	1.5
40	0.25
41	0.25
42	1.5
43	0.25
44	1.75
45	0.25
46	0.25
47	1.5
48	0.25
49	1.5
50	0.25
51	2.0
52	0.25
53	0.0
54	1.5
55	1.5
56	0.25
57	1.0
58	0.25
59	0.25
60	0.25
61	1.25
62	0.5
63	1.75
64	1.25
65	0.75
66	0.0
67	0.25
68	1.25
69	0.25
70	0.25
71	0.5
72	0.25
73	1.5
74	0.5
75	0.75
76	0.5
77	1.5
78	1.75
79	0.5
80	1.25
81	0.75
82	1.75
83	0.0
84	1.25
85	1.75
86	0.25
87	0.0
88	0.75
89	1.25
90	0.0
91	0.5
92	0.25
93	0.0
94	0.25
95	0.25
96	0.25
97	0.0
98	0.25
99	0.0
100	0.0
101	0.25
102	0.0
103	0.5
104	0.0
105	0.0
106	0.0
107	0.25
108	0.0
109	0.0
110	0.0
111	0.0
112	0.0
