1	0.0
2	0.0
3	0.25
4	0.0
5	0.25
6	0.0
7	0.0
8	0.25
9	0.25
10	0.25
11	0.0
12	1.0
13	0.25
14	0.5
15	0.25
16	1.0
17	0.75
18	0.25
19	1.5
20	0.25
21	0.25
22	1.5
23	1.5
24	0.75
25	0.0
26	0.25
27	1.75
28	0.0
29	1.75
30	0.25
31	1.75
32	0.25
33	1.5
34	0.25
35	1.25
36	0.5
37	0.25
38	2.0
39	0.0
40	0.25
41	0.5
42	0.0
43	1.5
44	0.5
45	1.5
46	0.25
47	0.5
48	1.5
49	0.25
50	1.25
51	1.0
52	0.0
53	1.25
54	0.25
55	0.0
56	2.0
57	1.5
58	0.25
59	0.5
60	1.5
61	0.0
62	0.25
63	0.25
64	0.0
65	0.75
66	1.25
67	1.5
68	0.5
69	0.5
70	0.0
71	0.5
72	1.75
73	0.5
74	0.25
75	0.5
76	0.25
77	1.5
78	0.0
79	1.25
80	0.25
81	0.25
82	0.0
83	1.25
84	0.25
85	0.5
86	1.5
87	0.0
88	1.75
89	0.5
90	1.25
91	0.5
92	1.75
93	0.0
94	0.5
95	0.25
96	1.75
97	0.0
98	1.75
99	1.5
100	0.0
101	0.5
102	0.25
103	1.5
104	0.5
105	0.25
106	0.5
107	0.5
108	0.0
109	0.0
110	0.0
111	0.0
112	0.0
