1	0.0
2	0.0
3	0.25
4	0.0
5	0.25
6	0.0
7	0.0
8	0.25
9	0.25
10	1.25
11	0.25
12	0.0
13	0.25
14	0.25
15	0.25
16	1.25
17	0.25
18	0.25
19	0.25
20	0.0
21	0.0
22	0.5
23	0.0
24	1.75
25	0.0
26	0.25
27	0.5
28	0.0
29	1.5
30	0.25
31	1.5
32	0.25
33	0.5
34	2.0
35	0.75
36	0.25
37	0.25
38	0.5
39	1.5
40	0.75
41	0.5
42	0.0
43	1.5
44	0.5
45	0.0
46	0.5
47	1.75
48	0.0
49	0.5
50	0.0
51	1.75
52	0.0
53	0.0
54	1.75
55	0.0
56	0.5
57	1.0
58	0.25
59	1.75
60	1.5
61	0.0
62	1.25
63	0.0
64	1.5
65	0.75
66	0.5
67	1.25
68	0.25
69	0.25
70	1.25
71	0.5
72	0.5
73	0.25
74	0.25
75	1.75
76	0.5
77	0.25
78	0.0
79	1.5
80	0.25
81	0.5
82	1.5
83	1.25
84	0.0
85	1.75
86	0.0
87	0.0
88	0.25
89	0.0
90	0.25
91	0.5
92	0.5
93	0.0
94	0.75
95	1.5
96	0.5
97	0.0
98	0.25
99	0.5
100	0.0
101	1.5
102	0.0
103	0.5
104	0.0
105	1.25
106	1.5
107	0.25
108	0.25
109	0.0
110	0.0
111	0.0
112	0.0
