1	0.0
2	0.0
3	0.25
4	0.0
5	0.25
6	0.0
7	0.0
8	0.25
9	0.25
10	0.25
11	0.5
12	0.0
13	1.75
14	0.5
15	1.5
16	0.0
17	0.25
18	0.5
19	0.75
20	1.5
21	0.25
22	0.5
23	1.25
24	0.5
25	0.0
26	0.0
27	1.75
28	0.0
29	1.75
30	0.0
31	0.5
32	1.75
33	0.5
34	1.5
35	0.25
36	1.5
37	1.5
38	0.5
39	0.25
40	2.0
41	0.5
42	0.25
43	1.75
44	1.5
45	0.0
46	0.25
47	0.25
48	1.25
49	0.75
50	1.5
51	1.75
52	0.0
53	0.0
54	1.75
55	0.0
56	0.75
57	0.0
58	1.25
59	0.5
60	0.0
61	0.0
62	1.5
63	0.0
64	1.25
65	1.75
66	0.25
67	1.25
68	0.5
69	0.5
70	0.0
71	0.5
72	1.5
73	0.25
74	0.5
75	0.5
76	0.25
77	1.5
78	0.0
79	0.0
80	1.5
81	0.25
82	1.75
83	0.0
84	1.25
85	0.5
86	1.5
87	1.75
88	1.25
89	0.5
90	1.5
91	0.25
92	0.75
93	1.25
94	0.5
95	1.75
96	0.5
97	0.0
98	0.25
99	1.25
100	0.5
101	1.5
102	0.5
103	1.0
104	0.25
105	0.0
106	0.0
107	0.25
108	0.0
109	0.0
110	0.0
111	0.0
112	0.0
