1	0.0
2	0.0
3	0.25
4	0.0
5	0.25
6	0.0
7	0.0
8	0.25
9	0.25
10	1.25
11	0.0
12	0.0
13	1.75
14	0.25
15	0.25
16	1.25
17	0.25
18	1.5
19	0.25
20	0.0
21	0.0
22	1.75
23	0.5
24	0.25
25	0.0
26	1.5
27	0.75
28	1.25
29	0.75
30	1.25
31	0.5
32	0.5
33	0.25
34	1.75
35	0.5
36	1.5
37	2.0
38	0.25
39	0.25
40	0.5
41	1.5
42	0.0
43	1.75
44	0.25
45	0.0
46	0.25
47	1.25
48	0.0
49	0.5
50	1.25
51	0.75
52	0.0
53	0.0
54	0.25
55	1.5
56	0.75
57	0.25
58	1.5
59	0.25
60	0.0
61	1.5
62	0.25
63	1.5
64	0.0
65	1.75
66	0.25
67	1.25
68	0.0
69	0.25
70	0.25
71	2.0
72	1.5
73	1.5
74	0.0
75	0.5
76	0.25
77	0.0
78	0.0
79	0.0
80	0.0
81	0.25
82	1.5
83	0.25
84	0.25
85	0.5
86	1.25
87	0.25
88	0.25
89	1.75
90	0.0
91	1.25
92	0.75
93	0.0
94	0.25
95	1.75
96	0.25
97	0.25
98	0.25
99	0.0
100	0.0
101	0.25
102	0.0
103	0.5
104	0.0
105	0.0
106	0.0
107	0.25
108	0.0
109	0.0
110	0.0
111	0.0
112	0.0
