1	0.0
2	0.0
3	0.25
4	0.0
5	0.25
6	0.0
7	0.0
8	0.25
9	0.25
10	1.25
11	0.0
12	1.25
13	0.25
14	1.5
15	0.5
16	1.0
17	0.75
18	0.25
19	0.25
20	0.0
21	0.0
22	0.25
23	0.0
24	1.75
25	0.0
26	0.25
27	1.75
28	0.5
29	0.5
30	0.0
31	1.5
32	0.25
33	0.25
34	1.75
35	1.5
36	0.25
37	0.25
38	0.5
39	1.75
40	0.25
41	0.25
42	0.5
43	0.0
44	1.5
45	0.5
46	1.75
47	0.25
48	1.5
49	1.75
50	0.25
51	0.5
52	1.5
53	1.5
54	0.25
55	0.0
56	0.25
57	0.25
58	1.25
59	0.5
60	0.25
61	1.25
62	0.5
63	0.25
64	0.0
65	0.5
66	1.25
67	0.25
68	0.0
69	0.25
70	0.25
71	2.0
72	0.25
73	0.25
74	0.5
75	0.5
76	1.75
77	1.25
78	0.0
79	0.25
80	1.25
81	0.5
82	0.0
83	0.0
84	1.0
85	0.5
86	1.75
87	0.25
88	0.25
89	1.25
90	0.25
91	0.25
92	0.5
93	0.0
94	1.5
95	0.5
96	1.5
97	0.0
98	0.25
99	1.75
100	0.0
101	0.25
102	0.0
103	0.5
104	0.0
105	0.0
106	0.0
107	0.25
108	0.0
109	0.0
110	0.0
111	0.0
112	0.0
