1	0.0
2	0.0
3	0.2857142857142857
4	0.0
5	0.2857142857142857
6	0.0
7	0.0
8	0.2857142857142857
9	0.2857142857142857
10	0.2857142857142857
11	1.4285714285714286
12	0.2857142857142857
13	1.7142857142857142
14	0.8571428571428571
15	0.2857142857142857
16	1.1428571428571428
17	0.5714285714285714
18	1.7142857142857142
19	0.2857142857142857
20	0.0
21	0.0
22	2.0
23	0.0
24	2.0
25	0.0
26	1.7142857142857142
27	0.5714285714285714
28	0.0
29	2.0
30	0.0
31	1.7142857142857142
32	0.5714285714285714
33	0.5714285714285714
34	2.0
35	0.8571428571428571
36	1.4285714285714286
37	0.8571428571428571
38	1.7142857142857142
39	0.0
40	1.7142857142857142
41	0.2857142857142857
42	1.7142857142857142
43	0.0
44	0.2857142857142857
45	0.0
46	0.2857142857142857
47	0.2857142857142857
48	1.4285714285714286
49	0.5714285714285714
50	0.0
51	0.8571428571428571
52	1.4285714285714286
53	0.2857142857142857
54	0.2857142857142857
55	0.0
56	0.8571428571428571
57	0.0
58	0.5714285714285714
59	0.2857142857142857
60	0.0
61	0.2857142857142857
62	0.5714285714285714
63	1.7142857142857142
64	0.2857142857142857
65	0.8571428571428571
66	0.0
67	0.2857142857142857
68	1.4285714285714286
69	2.0
70	1.1428571428571428
71	0.5714285714285714
72	0.2857142857142857
73	0.2857142857142857
74	2.0
75	0.8571428571428571
76	0.2857142857142857
77	0.0
78	1.7142857142857142
79	0.2857142857142857
80	1.4285714285714286
81	0.5714285714285714
82	1.4285714285714286
83	0.2857142857142857
84	0.2857142857142857
85	2.0
86	0.0
87	0.5714285714285714
88	0.2857142857142857
89	1.4285714285714286
90	2.0
91	0.2857142857142857
92	0.5714285714285714
93	0.0
94	0.2857142857142857
95	0.5714285714285714
96	0.8571428571428571
97	1.1428571428571428
98	1.7142857142857142
99	0.5714285714285714
100	0.2857142857142857
101	0.5714285714285714
102	2.0
103	1.1428571428571428
104	0.2857142857142857
105	0.0
106	1.4285714285714286
107	0.2857142857142857
108	0.0
109	0.0
110	0.0
111	0.0
112	0.0
