1	0.0
2	0.0
3	0.2222222222222222
4	0.0
5	0.2222222222222222
6	0.0
7	0.0
8	0.2222222222222222
9	0.2222222222222222
10	0.2222222222222222
11	0.0
12	0.0
13	0.2222222222222222
14	1.3333333333333333
15	0.4444444444444444
16	0.8888888888888888
17	0.6666666666666666
18	1.3333333333333333
19	0.6666666666666666
20	0.0
21	1.3333333333333333
22	0.4444444444444444
23	0.0
24	0.2222222222222222
25	1.1111111111111112
26	0.2222222222222222
27	0.4444444444444444
28	0.0
29	1.5555555555555556
30	0.0
31	1.3333333333333333
32	0.4444444444444444
33	1.3333333333333333
34	0.2222222222222222
35	1.3333333333333333
36	0.2222222222222222
37	0.2222222222222222
38	1.3333333333333333
39	0.0
40	0.4444444444444444
41	0.2222222222222222
42	0.2222222222222222
43	1.1111111111111112
44	0.2222222222222222
45	1.3333333333333333
46	0.4444444444444444
47	1.1111111111111112
48	0.0
49	0.4444444444444444
50	0.0
51	1.5555555555555556
52	0.2222222222222222
53	1.3333333333333333
54	0.6666666666666666
55	0.0
56	0.6666666666666666
57	0.8888888888888888
58	0.0
59	0.4444444444444444
60	0.2222222222222222
61	1.3333333333333333
62	0.4444444444444444
63	1.5555555555555556
64	0.0
65	1.7777777777777777
66	0.0
67	1.1111111111111112
68	0.0
69	0.2222222222222222
70	1.1111111111111112
71	0.6666666666666666
72	0.4444444444444444
73	0.2222222222222222
74	0.4444444444444444
75	0.4444444444444444
76	0.2222222222222222
77	1.3333333333333333
78	0.2222222222222222
79	1.3333333333333333
80	0.0
81	1.3333333333333333
82	0.2222222222222222
83	0.2222222222222222
84	0.0
85	2.0
86	0.2222222222222222
87	0.2222222222222222
88	0.2222222222222222
89	0.0
90	0.0
91	1.3333333333333333
92	0.6666666666666666
93	0.8888888888888888
94	0.4444444444444444
95	1.7777777777777777
96	0.4444444444444444
97	0.0
98	1.5555555555555556
99	1.1111111111111112
100	0.2222222222222222
101	0.2222222222222222
102	1.3333333333333333
103	0.4444444444444444
104	1.5555555555555556
105	0.0
106	0.0
107	1.3333333333333333
108	0.0
109	0.0
110	0.0
111	0.0
112	0.0
