1	0.0
2	0.0
3	0.25
4	0.0
5	0.25
6	0.0
7	0.0
8	0.25
9	0.25
10	0.25
11	0.0
12	0.0
13	0.25
14	0.25
15	1.75
16	0.0
17	1.25
18	0.5
19	1.25
20	0.0
21	0.25
22	2.0
23	0.0
24	0.25
25	0.0
26	0.25
27	1.5
28	0.0
29	2.0
30	0.25
31	0.25
32	0.5
33	1.25
34	0.25
35	1.5
36	0.25
37	0.25
38	1.75
39	0.25
40	1.5
41	0.75
42	1.25
43	0.25
44	0.5
45	1.25
46	0.5
47	1.5
48	0.25
49	1.5
50	0.25
51	0.5
52	1.25
53	0.25
54	1.75
55	0.0
56	0.5
57	0.0
58	1.25
59	0.25
60	0.25
61	0.0
62	0.25
63	1.25
64	0.0
65	1.0
66	0.25
67	0.25
68	1.0
69	0.25
70	0.25
71	1.75
72	0.25
73	0.5
74	0.5
75	2.0
76	0.75
77	1.25
78	0.0
79	0.25
80	0.25
81	1.5
82	0.5
83	0.0
84	0.5
85	0.5
86	0.25
87	1.5
88	0.25
89	1.75
90	1.5
91	0.5
92	0.5
93	0.25
94	1.5
95	0.25
96	1.75
97	0.0
98	0.25
99	1.5
100	0.0
101	1.75
102	0.0
103	0.75
104	0.0
105	0.5
106	0.25
107	0.5
108	0.0
109	0.0
110	0.0
111	0.0
112	0.0
