1	0.0
2	0.0
3	0.25
4	0.0
5	0.25
6	0.0
7	0.0
8	0.25
9	0.25
10	0.25
11	0.0
12	1.0
13	0.5
14	0.5
15	0.5
16	1.0
17	0.25
18	0.25
19	0.5
20	0.25
21	0.25
22	0.25
23	0.0
24	1.75
25	0.0
26	0.25
27	0.25
28	1.25
29	0.25
30	0.0
31	0.25
32	0.5
33	0.25
34	0.25
35	0.75
36	0.25
37	0.5
38	0.25
39	1.5
40	0.25
41	0.25
42	1.5
43	0.0
44	1.75
45	0.25
46	0.25
47	1.5
48	0.0
49	1.5
50	0.5
51	0.5
52	0.25
53	1.5
54	0.25
55	1.75
56	1.5
57	0.25
58	1.5
59	0.25
60	1.25
61	1.5
62	0.5
63	0.0
64	1.75
65	0.75
66	0.0
67	1.5
68	0.0
69	1.5
70	0.25
71	0.5
72	0.5
73	0.25
74	1.75
75	0.5
76	0.25
77	1.5
78	0.0
79	0.0
80	1.5
81	0.25
82	1.5
83	0.25
84	0.0
85	0.75
86	1.5
87	0.25
88	1.5
89	0.0
90	0.0
91	0.5
92	2.0
93	1.0
94	0.5
95	1.75
96	0.25
97	1.0
98	0.5
99	0.25
100	1.25
101	0.25
102	0.5
103	0.5
104	0.0
105	0.25
106	0.25
107	1.75
108	0.0
109	0.0
110	0.0
111	0.0
112	0.0
