1	0.0
2	0.0
3	0.25
4	0.0
5	0.25
6	0.0
7	0.0
8	0.25
9	0.25
10	0.25
11	0.0
12	0.25
13	0.25
14	1.75
15	0.25
16	0.0
17	0.5
18	0.25
19	1.5
20	0.25
21	1.5
22	0.25
23	0.25
24	0.5
25	0.0
26	1.5
27	0.5
28	0.0
29	0.5
30	1.25
31	0.25
32	0.5
33	0.25
34	1.75
35	0.5
36	1.5
37	0.25
38	0.25
39	1.5
40	0.25
41	1.25
42	0.25
43	0.0
44	0.25
45	0.25
46	0.25
47	1.5
48	0.0
49	2.0
50	0.25
51	0.5
52	0.0
53	1.25
54	0.5
55	0.0
56	0.25
57	1.25
58	0.0
59	1.5
60	0.0
61	1.25
62	0.25
63	0.25
64	1.75
65	0.75
66	1.25
67	0.25
68	0.0
69	0.25
70	0.5
71	1.75
72	1.5
73	0.5
74	1.5
75	0.5
76	0.25
77	1.5
78	0.0
79	0.0
80	0.25
81	0.25
82	1.75
83	0.0
84	0.0
85	0.75
86	0.0
87	0.0
88	0.25
89	0.0
90	1.5
91	0.25
92	0.5
93	1.25
94	0.25
95	1.75
96	0.25
97	0.0
98	1.5
99	0.0
100	0.0
101	0.25
102	0.0
103	0.5
104	0.0
105	1.25
106	0.0
107	0.25
108	0.0
109	0.0
110	0.0
111	0.0
112	0.0
