1	0.0
2	0.0
3	0.25
4	0.0
5	0.25
6	0.0
7	0.0
8	0.25
9	0.25
10	0.25
11	0.25
12	0.0
13	0.25
14	0.25
15	0.25
16	1.25
17	0.25
18	0.5
19	0.25
20	0.0
21	1.25
22	0.25
23	0.25
24	2.0
25	1.5
26	0.0
27	1.75
28	0.5
29	0.25
30	0.0
31	1.5
32	0.5
33	0.25
34	1.5
35	0.75
36	0.25
37	0.5
38	1.75
39	0.25
40	1.5
41	0.75
42	0.0
43	0.25
44	2.0
45	1.5
46	0.25
47	0.25
48	0.0
49	0.25
50	0.0
51	0.5
52	1.5
53	1.25
54	0.5
55	1.5
56	0.75
57	1.0
58	0.25
59	0.25
60	1.25
61	0.0
62	0.25
63	1.5
64	0.0
65	0.75
66	1.25
67	0.25
68	0.0
69	0.75
70	0.25
71	2.0
72	0.25
73	0.25
74	1.25
75	2.0
76	0.25
77	0.0
78	0.0
79	0.5
80	1.25
81	0.5
82	0.0
83	0.0
84	0.5
85	1.75
86	0.0
87	1.25
88	0.25
89	1.75
90	0.0
91	0.25
92	0.5
93	0.0
94	0.25
95	0.25
96	1.5
97	0.25
98	0.25
99	1.5
100	0.0
101	1.5
102	0.0
103	0.5
104	0.0
105	0.0
106	1.75
107	0.25
108	0.0
109	0.0
110	0.0
111	0.0
112	0.0
