1	0.0
2	0.0
3	0.2222222222222222
4	0.0
5	0.2222222222222222
6	0.0
7	0.0
8	0.2222222222222222
9	0.2222222222222222
10	0.2222222222222222
11	0.0
12	0.8888888888888888
13	0.2222222222222222
14	0.6666666666666666
15	1.1111111111111112
16	0.2222222222222222
17	1.1111111111111112
18	0.2222222222222222
19	0.2222222222222222
20	0.0
21	0.0
22	1.3333333333333333
23	0.2222222222222222
24	0.2222222222222222
25	1.1111111111111112
26	0.0
27	1.7777777777777777
28	0.0
29	0.4444444444444444
30	0.0
31	0.4444444444444444
32	1.1111111111111112
33	0.6666666666666666
34	0.4444444444444444
35	1.3333333333333333
36	0.2222222222222222
37	0.6666666666666666
38	0.2222222222222222
39	1.3333333333333333
40	0.4444444444444444
41	1.1111111111111112
42	0.2222222222222222
43	1.3333333333333333
44	0.2222222222222222
45	1.3333333333333333
46	0.4444444444444444
47	0.2222222222222222
48	1.5555555555555556
49	0.4444444444444444
50	0.2222222222222222
51	0.4444444444444444
52	1.1111111111111112
53	0.0
54	0.4444444444444444
55	0.0
56	0.2222222222222222
57	0.0
58	0.2222222222222222
59	0.2222222222222222
60	0.0
61	0.2222222222222222
62	1.3333333333333333
63	0.2222222222222222
64	1.3333333333333333
65	2.0
66	0.2222222222222222
67	1.1111111111111112
68	1.1111111111111112
69	0.6666666666666666
70	0.0
71	0.4444444444444444
72	0.0
73	1.3333333333333333
74	0.4444444444444444
75	0.4444444444444444
76	1.7777777777777777
77	0.0
78	0.0
79	0.2222222222222222
80	1.5555555555555556
81	1.5555555555555556
82	0.2222222222222222
83	1.5555555555555556
84	0.0
85	0.4444444444444444
86	0.0
87	0.0
88	1.5555555555555556
89	0.0
90	1.1111111111111112
91	0.4444444444444444
92	1.3333333333333333
93	0.8888888888888888
94	0.2222222222222222
95	1.7777777777777777
96	0.2222222222222222
97	0.8888888888888888
98	0.4444444444444444
99	0.0
100	0.0
101	0.2222222222222222
102	0.0
103	0.4444444444444444
104	0.0
105	0.0
106	0.0
107	0.2222222222222222
108	0.0
109	0.0
110	0.0
111	0.0
112	0.0
