1	0.0
2	0.0
3	0.25
4	0.0
5	0.25
6	0.0
7	0.0
8	0.25
9	1.25
10	0.5
11	0.0
12	0.0
13	0.5
14	1.5
15	0.5
16	1.0
17	0.75
18	0.25
19	1.25
20	0.0
21	1.5
22	0.25
23	0.25
24	0.25
25	0.0
26	1.5
27	0.25
28	0.0
29	0.25
30	1.25
31	0.5
32	1.25
33	0.75
34	0.25
35	0.5
36	1.25
37	0.25
38	1.75
39	0.0
40	0.25
41	0.5
42	1.5
43	0.5
44	1.5
45	0.0
46	0.25
47	1.5
48	0.0
49	0.5
50	0.0
51	2.0
52	0.0
53	0.0
54	1.75
55	0.25
56	1.5
57	0.0
58	1.5
59	0.25
60	0.25
61	0.0
62	1.25
63	0.0
64	1.5
65	0.75
66	1.25
67	0.25
68	0.25
69	0.25
70	1.25
71	0.5
72	1.5
73	1.5
74	0.25
75	2.0
76	1.75
77	0.0
78	0.0
79	1.5
80	0.0
81	0.5
82	0.0
83	1.5
84	0.25
85	1.75
86	0.0
87	0.0
88	0.25
89	0.0
90	1.75
91	0.25
92	0.5
93	0.0
94	0.5
95	0.25
96	0.25
97	0.0
98	0.25
99	1.75
100	0.0
101	1.75
102	0.0
103	0.5
104	0.25
105	0.25
106	0.0
107	0.25
108	0.0
109	0.0
110	0.0
111	0.0
112	0.0
