1	0.0
2	0.0
3	0.25
4	0.0
5	0.25
6	1.25
7	0.25
8	0.5
9	0.25
10	0.25
11	1.0
12	0.25
13	1.75
14	0.5
15	0.5
16	1.0
17	1.75
18	0.5
19	1.75
20	0.25
21	0.0
22	0.25
23	0.0
24	0.5
25	0.0
26	0.5
27	0.5
28	1.25
29	0.25
30	0.0
31	0.5
32	0.5
33	1.25
34	0.75
35	0.5
36	0.75
37	0.25
38	1.5
39	0.0
40	1.5
41	0.5
42	0.0
43	0.0
44	0.25
45	1.5
46	0.5
47	1.25
48	0.0
49	0.25
50	1.5
51	1.0
52	1.5
53	0.0
54	0.25
55	1.5
56	1.75
57	0.0
58	0.25
59	0.25
60	1.25
61	0.25
62	1.25
63	0.0
64	0.0
65	2.0
66	0.0
67	0.25
68	0.0
69	0.25
70	0.5
71	1.75
72	0.25
73	0.25
74	0.25
75	0.5
76	0.25
77	0.25
78	1.5
79	0.25
80	1.25
81	0.25
82	1.75
83	1.25
84	0.5
85	0.5
86	0.0
87	0.5
88	0.25
89	1.5
90	0.25
91	0.5
92	0.25
93	1.0
94	0.5
95	1.5
96	0.75
97	1.25
98	0.25
99	0.0
100	0.0
101	0.25
102	0.0
103	0.5
104	0.0
105	0.5
106	1.25
107	0.5
108	0.0
109	0.0
110	0.0
111	0.0
112	0.0
