1	0.0
2	0.0
3	0.25
4	0.0
5	0.25
6	0.0
7	0.0
8	0.25
9	0.25
10	0.25
11	0.0
12	0.0
13	0.25
14	0.25
15	0.5
16	0.0
17	0.75
18	1.5
19	0.5
20	1.25
21	0.0
22	0.25
23	0.0
24	0.25
25	0.0
26	0.0
27	0.25
28	0.0
29	0.5
30	1.5
31	0.5
32	0.25
33	1.75
34	0.25
35	0.25
36	0.25
37	0.25
38	1.75
39	0.0
40	0.25
41	1.5
42	0.25
43	0.0
44	0.25
45	0.25
46	0.25
47	0.25
48	0.0
49	0.25
50	0.25
51	0.75
52	1.5
53	0.0
54	1.75
55	0.0
56	1.75
57	0.0
58	1.5
59	0.25
60	0.25
61	0.0
62	0.25
63	1.25
64	0.0
65	0.75
66	0.0
67	1.25
68	0.25
69	1.5
70	0.25
71	0.5
72	1.5
73	0.25
74	0.25
75	1.75
76	0.5
77	0.0
78	0.0
79	1.25
80	0.0
81	1.5
82	0.25
83	1.75
84	1.0
85	2.0
86	0.25
87	0.25
88	1.5
89	0.25
90	0.25
91	1.75
92	0.5
93	0.25
94	0.25
95	1.5
96	0.5
97	0.25
98	0.25
99	1.75
100	1.5
101	0.5
102	0.25
103	1.5
104	0.0
105	0.0
106	0.5
107	0.5
108	0.0
109	0.0
110	0.0
111	0.0
112	0.0
