1	0.0
2	0.0
3	0.2857142857142857
4	0.0
5	0.2857142857142857
6	0.0
7	0.0
8	0.2857142857142857
9	0.2857142857142857
10	0.2857142857142857
11	1.7142857142857142
12	0.2857142857142857
13	0.2857142857142857
14	0.2857142857142857
15	0.2857142857142857
16	0.0
17	1.7142857142857142
18	0.2857142857142857
19	0.5714285714285714
20	0.0
21	1.7142857142857142
22	0.2857142857142857
23	0.0
24	2.0
25	0.0
26	1.4285714285714286
27	0.2857142857142857
28	1.1428571428571428
29	0.2857142857142857
30	0.2857142857142857
31	0.5714285714285714
32	1.7142857142857142
33	1.7142857142857142
34	1.7142857142857142
35	0.2857142857142857
36	0.2857142857142857
37	0.5714285714285714
38	0.2857142857142857
39	1.4285714285714286
40	0.2857142857142857
41	1.4285714285714286
42	0.5714285714285714
43	1.7142857142857142
44	1.7142857142857142
45	0.5714285714285714
46	0.2857142857142857
47	1.4285714285714286
48	0.5714285714285714
49	1.7142857142857142
50	0.2857142857142857
51	2.0
52	0.0
53	1.4285714285714286
54	0.2857142857142857
55	0.2857142857142857
56	0.5714285714285714
57	0.2857142857142857
58	1.7142857142857142
59	0.5714285714285714
60	0.0
61	0.2857142857142857
62	1.4285714285714286
63	0.2857142857142857
64	1.4285714285714286
65	1.1428571428571428
66	2.0
67	0.5714285714285714
68	0.0
69	0.2857142857142857
70	0.2857142857142857
71	2.0
72	0.0
73	0.2857142857142857
74	2.0
75	0.8571428571428571
76	0.5714285714285714
77	0.0
78	0.2857142857142857
79	1.7142857142857142
80	0.0
81	0.5714285714285714
82	0.0
83	0.0
84	0.2857142857142857
85	0.5714285714285714
86	0.0
87	0.0
88	1.4285714285714286
89	0.2857142857142857
90	1.4285714285714286
91	0.5714285714285714
92	1.7142857142857142
93	1.7142857142857142
94	2.0
95	0.2857142857142857
96	0.2857142857142857
97	0.2857142857142857
98	0.2857142857142857
99	2.0
100	0.0
101	1.4285714285714286
102	0.2857142857142857
103	1.1428571428571428
104	1.4285714285714286
105	0.0
106	0.0
107	0.2857142857142857
108	0.0
109	0.0
110	0.0
111	0.0
112	0.0
