1	0.0
2	0.0
3	0.25
4	0.0
5	0.25
6	0.0
7	0.0
8	0.25
9	0.25
10	0.25
11	1.5
12	0.0
13	0.25
14	0.25
15	0.25
16	0.0
17	0.25
18	0.25
19	0.25
20	0.0
21	0.25
22	0.25
23	0.0
24	1.75
25	0.0
26	0.0
27	1.5
28	1.0
29	0.5
30	0.25
31	0.5
32	1.5
33	0.5
34	2.0
35	0.5
36	1.5
37	0.5
38	1.5
39	0.5
40	1.75
41	0.5
42	0.25
43	0.25
44	0.25
45	0.5
46	1.75
47	0.5
48	0.0
49	0.5
50	1.25
51	1.0
52	0.0
53	0.25
54	1.5
55	0.5
56	0.25
57	0.0
58	1.25
59	0.25
60	0.25
61	0.25
62	1.5
63	1.5
64	1.5
65	0.5
66	1.25
67	0.25
68	0.0
69	0.75
70	1.0
71	0.75
72	0.25
73	0.25
74	0.25
75	1.75
76	0.5
77	1.25
78	0.25
79	0.0
80	0.25
81	0.25
82	1.75
83	0.25
84	0.0
85	0.5
86	0.0
87	0.25
88	1.75
89	1.5
90	0.25
91	0.5
92	0.25
93	0.0
94	1.75
95	0.25
96	2.0
97	0.0
98	0.25
99	1.25
100	1.25
101	0.5
102	0.5
103	0.5
104	1.5
105	0.25
106	1.5
107	0.5
108	0.0
109	0.0
110	0.0
111	0.0
112	0.0
