1	0.0
2	0.0
3	0.25
4	0.0
5	0.25
6	0.0
7	0.0
8	0.25
9	0.25
10	1.25
11	0.0
12	0.0
13	0.25
14	0.25
15	1.25
16	0.0
17	1.5
18	0.25
19	0.25
20	0.0
21	1.5
22	0.25
23	0.0
24	1.75
25	1.5
26	0.0
27	1.75
28	0.0
29	0.5
30	1.5
31	1.75
32	0.25
33	1.5
34	0.25
35	1.5
36	0.25
37	0.5
38	0.25
39	0.0
40	0.25
41	0.25
42	0.0
43	0.0
44	1.5
45	0.25
46	0.25
47	0.75
48	1.5
49	0.25
50	0.5
51	2.0
52	0.0
53	1.25
54	0.5
55	1.5
56	0.25
57	0.0
58	1.25
59	0.25
60	1.25
61	1.5
62	0.25
63	0.25
64	1.25
65	1.0
66	0.25
67	0.25
68	1.0
69	0.25
70	0.25
71	1.75
72	0.0
73	0.25
74	0.0
75	0.5
76	0.25
77	0.0
78	0.0
79	0.0
80	0.0
81	0.25
82	0.0
83	0.0
84	0.25
85	0.5
86	1.5
87	0.0
88	0.5
89	0.0
90	0.0
91	0.5
92	0.75
93	1.0
94	0.75
95	0.25
96	0.5
97	1.25
98	1.5
99	0.0
100	0.25
101	0.5
102	1.75
103	0.5
104	0.0
105	0.0
106	0.0
107	0.25
108	0.0
109	0.0
110	0.0
111	0.0
112	0.0
