1	0.0
2	0.0
3	0.2857142857142857
4	0.0
5	0.2857142857142857
6	0.0
7	0.0
8	0.2857142857142857
9	0.2857142857142857
10	0.2857142857142857
11	0.2857142857142857
12	1.1428571428571428
13	2.0
14	0.2857142857142857
15	0.5714285714285714
16	0.5714285714285714
17	1.4285714285714286
18	0.2857142857142857
19	1.4285714285714286
20	0.0
21	0.0
22	1.7142857142857142
23	0.0
24	0.2857142857142857
25	0.0
26	0.2857142857142857
27	0.2857142857142857
28	1.1428571428571428
29	0.5714285714285714
30	0.0
31	2.0
32	0.2857142857142857
33	0.8571428571428571
34	2.0
35	0.2857142857142857
36	0.2857142857142857
37	0.2857142857142857
38	1.7142857142857142
39	0.2857142857142857
40	0.2857142857142857
41	2.0
42	0.0
43	0.2857142857142857
44	2.0
45	0.2857142857142857
46	0.2857142857142857
47	2.0
48	0.0
49	0.2857142857142857
50	0.2857142857142857
51	0.5714285714285714
52	0.0
53	1.4285714285714286
54	0.5714285714285714
55	0.0
56	0.2857142857142857
57	1.1428571428571428
58	0.2857142857142857
59	0.2857142857142857
60	2.0
61	0.2857142857142857
62	0.2857142857142857
63	1.4285714285714286
64	0.2857142857142857
65	2.0
66	0.0
67	1.7142857142857142
68	0.5714285714285714
69	1.7142857142857142
70	0.0
71	0.5714285714285714
72	0.2857142857142857
73	1.7142857142857142
74	0.2857142857142857
75	0.5714285714285714
76	0.2857142857142857
77	1.7142857142857142
78	0.0
79	0.2857142857142857
80	0.0
81	0.5714285714285714
82	0.0
83	0.2857142857142857
84	0.0
85	0.8571428571428571
86	1.4285714285714286
87	0.2857142857142857
88	0.2857142857142857
89	0.0
90	2.0
91	0.5714285714285714
92	0.5714285714285714
93	1.1428571428571428
94	0.2857142857142857
95	2.0
96	1.7142857142857142
97	0.2857142857142857
98	0.8571428571428571
99	1.7142857142857142
100	0.0
101	0.5714285714285714
102	0.2857142857142857
103	1.7142857142857142
104	0.2857142857142857
105	0.0
106	0.0
107	2.0
108	0.0
109	0.0
110	0.0
111	0.0
112	0.0
