1	0.0
2	0.0
3	0.2222222222222222
4	0.0
5	0.2222222222222222
6	0.0
7	0.0
8	0.2222222222222222
9	0.2222222222222222
10	0.2222222222222222
11	0.2222222222222222
12	0.0
13	1.3333333333333333
14	0.4444444444444444
15	0.2222222222222222
16	0.0
17	1.5555555555555556
18	0.2222222222222222
19	0.4444444444444444
20	0.0
21	1.1111111111111112
22	0.2222222222222222
23	0.0
24	1.5555555555555556
25	0.0
26	1.3333333333333333
27	0.4444444444444444
28	0.0
29	0.4444444444444444
30	0.0
31	1.5555555555555556
32	0.2222222222222222
33	1.5555555555555556
34	1.7777777777777777
35	0.2222222222222222
36	0.2222222222222222
37	0.2222222222222222
38	1.3333333333333333
39	0.0
40	0.2222222222222222
41	0.4444444444444444
42	1.3333333333333333
43	0.2222222222222222
44	1.5555555555555556
45	0.0
46	0.2222222222222222
47	0.2222222222222222
48	1.1111111111111112
49	0.6666666666666666
50	0.0
51	1.5555555555555556
52	0.0
53	0.0
54	0.4444444444444444
55	1.1111111111111112
56	0.4444444444444444
57	0.0
58	0.0
59	0.2222222222222222
60	1.1111111111111112
61	0.2222222222222222
62	0.2222222222222222
63	0.2222222222222222
64	0.0
65	2.0
66	0.0
67	1.1111111111111112
68	0.2222222222222222
69	0.4444444444444444
70	0.8888888888888888
71	0.4444444444444444
72	1.3333333333333333
73	0.2222222222222222
74	0.4444444444444444
75	0.4444444444444444
76	1.5555555555555556
77	0.0
78	0.0
79	0.2222222222222222
80	1.3333333333333333
81	0.2222222222222222
82	0.2222222222222222
83	1.3333333333333333
84	0.2222222222222222
85	0.4444444444444444
86	1.3333333333333333
87	1.3333333333333333
88	1.3333333333333333
89	0.0
90	1.5555555555555556
91	0.2222222222222222
92	0.2222222222222222
93	0.2222222222222222
94	0.2222222222222222
95	1.7777777777777777
96	1.7777777777777777
97	0.0
98	1.5555555555555556
99	1.1111111111111112
100	0.0
101	0.4444444444444444
102	1.3333333333333333
103	0.4444444444444444
104	1.3333333333333333
105	1.1111111111111112
106	0.0
107	0.2222222222222222
108	0.0
109	0.0
110	0.0
111	0.0
112	0.0
