1	0.0
2	0.0
3	0.25
4	0.0
5	0.25
6	0.0
7	0.0
8	0.25
9	0.25
10	0.25
11	0.0
12	0.0
13	1.5
14	0.5
15	0.25
16	0.0
17	0.25
18	0.75
19	1.25
20	1.25
21	0.5
22	0.25
23	0.0
24	1.5
25	0.0
26	1.5
27	0.5
28	1.0
29	0.5
30	0.0
31	1.75
32	0.5
33	0.25
34	0.25
35	0.5
36	0.25
37	1.75
38	0.5
39	0.5
40	1.5
41	0.5
42	0.0
43	1.5
44	1.5
45	0.25
46	1.5
47	0.5
48	0.0
49	2.0
50	0.25
51	2.0
52	0.0
53	1.75
54	0.25
55	1.75
56	1.5
57	0.25
58	1.5
59	0.25
60	1.5
61	0.0
62	0.25
63	0.0
64	1.25
65	0.5
66	1.5
67	1.5
68	1.0
69	0.5
70	1.0
71	0.5
72	1.25
73	0.25
74	0.5
75	1.75
76	0.5
77	1.75
78	0.0
79	1.5
80	0.0
81	0.5
82	1.75
83	0.25
84	0.0
85	1.0
86	0.25
87	1.25
88	0.5
89	0.25
90	1.75
91	1.5
92	0.25
93	0.0
94	0.25
95	1.5
96	0.5
97	0.0
98	1.75
99	0.25
100	1.25
101	0.25
102	1.75
103	0.75
104	1.25
105	0.0
106	0.25
107	1.75
108	0.0
109	0.0
110	0.0
111	0.0
112	0.0
