1	0.0
2	0.0
3	0.25
4	0.0
5	0.25
6	0.0
7	0.0
8	0.25
9	0.25
10	0.25
11	0.0
12	0.0
13	0.25
14	0.25
15	0.25
16	0.0
17	0.25
18	0.25
19	0.25
20	0.0
21	0.0
22	0.25
23	0.0
24	0.25
25	0.0
26	0.0
27	0.25
28	0.0
29	0.25
30	0.0
31	0.25
32	0.25
33	0.25
34	0.25
35	0.25
36	0.5
37	0.25
38	0.5
39	1.25
40	0.25
41	1.5
42	0.0
43	0.5
44	0.25
45	0.0
46	1.75
47	0.25
48	1.5
49	0.5
50	1.75
51	0.5
52	1.25
53	0.0
54	0.5
55	0.0
56	0.25
57	0.25
58	0.0
59	0.25
60	1.25
61	0.5
62	0.25
63	0.0
64	1.25
65	1.75
66	1.25
67	0.75
68	1.0
69	0.25
70	1.5
71	0.5
72	0.0
73	0.5
74	0.0
75	0.5
76	0.25
77	0.0
78	0.0
79	0.0
80	0.0
81	0.5
82	1.25
83	0.0
84	0.25
85	0.75
86	0.25
87	0.0
88	0.5
89	0.25
90	0.0
91	0.25
92	2.0
93	0.0
94	0.25
95	0.25
96	0.25
97	0.25
98	0.5
99	0.0
100	0.0
101	0.25
102	0.25
103	1.0
104	0.0
105	1.25
106	0.0
107	0.25
108	0.0
109	0.0
110	0.0
111	0.0
112	0.0
