1	0.0
2	0.0
3	0.2857142857142857
4	0.0
5	0.2857142857142857
6	0.0
7	0.0
8	0.2857142857142857
9	0.2857142857142857
10	0.2857142857142857
11	0.0
12	0.0
13	0.2857142857142857
14	0.2857142857142857
15	0.2857142857142857
16	0.0
17	0.2857142857142857
18	0.2857142857142857
19	0.2857142857142857
20	0.0
21	0.0
22	0.2857142857142857
23	0.0
24	0.2857142857142857
25	0.0
26	0.0
27	0.2857142857142857
28	0.0
29	0.2857142857142857
30	2.0
31	0.2857142857142857
32	0.5714285714285714
33	1.7142857142857142
34	0.5714285714285714
35	0.8571428571428571
36	0.2857142857142857
37	1.7142857142857142
38	0.2857142857142857
39	0.2857142857142857
40	2.0
41	0.5714285714285714
42	0.5714285714285714
43	2.0
44	0.2857142857142857
45	0.2857142857142857
46	1.7142857142857142
47	0.5714285714285714
48	1.4285714285714286
49	0.8571428571428571
50	1.4285714285714286
51	2.0
52	0.0
53	0.0
54	2.0
55	0.0
56	2.0
57	0.2857142857142857
58	1.4285714285714286
59	0.5714285714285714
60	1.7142857142857142
61	1.7142857142857142
62	1.7142857142857142
63	0.0
64	1.7142857142857142
65	1.1428571428571428
66	0.2857142857142857
67	1.4285714285714286
68	0.5714285714285714
69	0.5714285714285714
70	0.2857142857142857
71	2.0
72	0.2857142857142857
73	0.2857142857142857
74	2.0
75	0.8571428571428571
76	0.5714285714285714
77	0.2857142857142857
78	0.0
79	1.4285714285714286
80	0.2857142857142857
81	1.7142857142857142
82	0.2857142857142857
83	2.0
84	1.1428571428571428
85	0.5714285714285714
86	0.0
87	1.7142857142857142
88	0.5714285714285714
89	1.4285714285714286
90	0.0
91	1.7142857142857142
92	0.2857142857142857
93	1.4285714285714286
94	0.2857142857142857
95	2.0
96	0.2857142857142857
97	0.5714285714285714
98	1.7142857142857142
99	0.2857142857142857
100	0.0
101	0.2857142857142857
102	0.0
103	0.5714285714285714
104	0.2857142857142857
105	1.1428571428571428
106	0.0
107	0.2857142857142857
108	0.0
109	0.0
110	0.0
111	0.0
112	0.0
