1	0.0
2	0.0
3	0.25
4	0.0
5	0.25
6	0.0
7	0.0
8	0.25
9	0.25
10	0.25
11	1.0
12	1.25
13	0.25
14	1.75
15	0.5
16	0.0
17	1.5
18	0.5
19	0.25
20	0.0
21	0.5
22	1.5
23	0.0
24	1.75
25	0.0
26	0.5
27	0.25
28	0.0
29	1.75
30	1.75
31	0.25
32	0.5
33	1.5
34	1.5
35	0.5
36	1.25
37	0.5
38	0.25
39	0.25
40	1.75
41	0.25
42	0.25
43	0.25
44	1.5
45	0.0
46	0.75
47	0.5
48	0.0
49	1.75
50	0.0
51	1.0
52	0.0
53	0.0
54	0.5
55	1.25
56	0.25
57	0.0
58	1.25
59	0.5
60	1.25
61	0.25
62	1.25
63	1.75
64	0.0
65	1.0
66	1.25
67	0.25
68	0.0
69	2.0
70	0.25
71	1.75
72	0.25
73	0.25
74	1.75
75	0.5
76	0.5
77	1.5
78	0.0
79	0.25
80	1.25
81	0.25
82	1.5
83	0.0
84	1.25
85	0.5
86	1.5
87	0.0
88	0.5
89	0.25
90	1.25
91	0.5
92	1.5
93	0.25
94	0.25
95	1.75
96	0.75
97	1.25
98	0.75
99	1.5
100	0.0
101	1.25
102	0.5
103	0.5
104	1.25
105	0.25
106	0.0
107	0.5
108	1.25
109	0.0
110	0.0
111	0.0
112	0.0
