1	0.0
2	0.0
3	0.2222222222222222
4	0.0
5	0.2222222222222222
6	0.0
7	0.0
8	0.2222222222222222
9	0.4444444444444444
10	0.4444444444444444
11	0.0
12	0.8888888888888888
13	0.2222222222222222
14	1.5555555555555556
15	0.4444444444444444
16	1.1111111111111112
17	0.2222222222222222
18	1.5555555555555556
19	0.2222222222222222
20	0.0
21	0.4444444444444444
22	0.2222222222222222
23	0.0
24	0.6666666666666666
25	0.0
26	1.3333333333333333
27	0.4444444444444444
28	0.0
29	0.4444444444444444
30	1.3333333333333333
31	0.4444444444444444
32	1.1111111111111112
33	0.6666666666666666
34	0.2222222222222222
35	1.3333333333333333
36	0.4444444444444444
37	1.3333333333333333
38	0.2222222222222222
39	0.4444444444444444
40	0.2222222222222222
41	1.1111111111111112
42	0.2222222222222222
43	0.0
44	0.2222222222222222
45	0.0
46	0.4444444444444444
47	0.4444444444444444
48	1.1111111111111112
49	0.6666666666666666
50	0.2222222222222222
51	1.3333333333333333
52	0.2222222222222222
53	1.1111111111111112
54	0.2222222222222222
55	0.2222222222222222
56	0.4444444444444444
57	0.0
58	0.0
59	0.2222222222222222
60	1.3333333333333333
61	0.2222222222222222
62	1.3333333333333333
63	0.0
64	1.3333333333333333
65	2.0
66	0.0
67	0.2222222222222222
68	1.1111111111111112
69	0.2222222222222222
70	1.1111111111111112
71	0.4444444444444444
72	0.2222222222222222
73	1.3333333333333333
74	0.2222222222222222
75	1.5555555555555556
76	0.6666666666666666
77	0.0
78	0.0
79	0.0
80	0.0
81	1.3333333333333333
82	0.2222222222222222
83	0.0
84	0.0
85	0.4444444444444444
86	0.0
87	0.4444444444444444
88	0.2222222222222222
89	1.3333333333333333
90	0.2222222222222222
91	1.3333333333333333
92	1.7777777777777777
93	0.0
94	1.5555555555555556
95	0.2222222222222222
96	1.7777777777777777
97	0.2222222222222222
98	0.2222222222222222
99	1.3333333333333333
100	1.3333333333333333
101	0.4444444444444444
102	1.3333333333333333
103	0.4444444444444444
104	0.2222222222222222
105	1.1111111111111112
106	0.2222222222222222
107	1.5555555555555556
108	0.0
109	0.0
110	0.0
111	0.0
112	0.0
