1	0.0
2	0.0
3	0.2857142857142857
4	0.0
5	0.2857142857142857
6	0.0
7	0.0
8	0.2857142857142857
9	0.2857142857142857
10	0.5714285714285714
11	0.0
12	1.1428571428571428
13	0.5714285714285714
14	0.2857142857142857
15	2.0
16	0.0
17	0.2857142857142857
18	0.2857142857142857
19	0.2857142857142857
20	0.0
21	2.0
22	0.2857142857142857
23	0.2857142857142857
24	0.5714285714285714
25	0.0
26	0.2857142857142857
27	0.8571428571428571
28	0.0
29	0.5714285714285714
30	1.4285714285714286
31	0.2857142857142857
32	1.4285714285714286
33	0.5714285714285714
34	2.0
35	0.2857142857142857
36	1.7142857142857142
37	0.5714285714285714
38	2.0
39	1.7142857142857142
40	0.5714285714285714
41	0.2857142857142857
42	1.4285714285714286
43	0.0
44	1.7142857142857142
45	0.2857142857142857
46	2.0
47	0.5714285714285714
48	0.0
49	0.2857142857142857
50	0.2857142857142857
51	2.0
52	2.0
53	0.2857142857142857
54	1.7142857142857142
55	0.2857142857142857
56	2.0
57	0.0
58	0.0
59	1.7142857142857142
60	1.7142857142857142
61	0.2857142857142857
62	0.2857142857142857
63	0.2857142857142857
64	1.4285714285714286
65	0.8571428571428571
66	0.2857142857142857
67	1.7142857142857142
68	0.2857142857142857
69	1.7142857142857142
70	1.7142857142857142
71	0.5714285714285714
72	0.0
73	0.2857142857142857
74	0.0
75	0.5714285714285714
76	0.2857142857142857
77	0.0
78	0.0
79	0.0
80	0.0
81	0.5714285714285714
82	0.0
83	0.0
84	0.2857142857142857
85	2.0
86	1.7142857142857142
87	0.2857142857142857
88	0.2857142857142857
89	0.5714285714285714
90	0.0
91	0.2857142857142857
92	0.2857142857142857
93	1.1428571428571428
94	0.5714285714285714
95	1.7142857142857142
96	0.2857142857142857
97	0.0
98	2.0
99	1.4285714285714286
100	2.0
101	0.2857142857142857
102	1.7142857142857142
103	0.5714285714285714
104	0.0
105	1.4285714285714286
106	0.0
107	2.0
108	0.0
109	0.0
110	0.0
111	0.0
112	0.0
