1	0.0
2	0.0
3	0.25
4	0.0
5	0.25
6	0.0
7	0.0
8	0.25
9	0.25
10	0.5
11	0.0
12	1.5
13	0.25
14	1.75
15	0.25
16	0.25
17	1.5
18	0.25
19	1.5
20	1.5
21	0.25
22	0.25
23	0.5
24	1.75
25	0.0
26	1.75
27	0.5
28	1.0
29	1.5
30	0.25
31	0.5
32	1.25
33	0.25
34	1.75
35	0.75
36	1.25
37	0.5
38	0.25
39	1.5
40	0.25
41	1.25
42	0.25
43	0.0
44	0.25
45	1.75
46	1.75
47	0.5
48	0.5
49	1.5
50	0.0
51	1.0
52	0.5
53	1.25
54	0.5
55	0.0
56	0.25
57	0.0
58	1.25
59	0.5
60	0.0
61	0.0
62	0.25
63	0.0
64	0.0
65	2.0
66	0.0
67	1.25
68	0.5
69	0.25
70	1.25
71	0.5
72	1.5
73	1.5
74	0.5
75	1.75
76	0.75
77	1.25
78	0.0
79	1.5
80	0.25
81	0.5
82	0.0
83	1.25
84	0.5
85	0.75
86	1.75
87	0.0
88	0.5
89	1.25
90	0.25
91	0.25
92	0.75
93	0.25
94	0.25
95	1.75
96	0.25
97	0.0
98	0.25
99	0.0
100	0.0
101	1.25
102	1.75
103	0.5
104	0.25
105	1.0
106	0.25
107	0.5
108	0.0
109	0.0
110	0.0
111	0.0
112	0.0
