1	0.0
2	0.0
3	0.25
4	0.0
5	0.25
6	0.0
7	0.0
8	0.25
9	0.25
10	0.25
11	0.0
12	1.5
13	1.75
14	0.25
15	1.5
16	0.0
17	1.5
18	0.25
19	0.25
20	0.0
21	0.25
22	0.5
23	0.5
24	1.75
25	0.0
26	0.25
27	0.25
28	0.25
29	1.75
30	0.0
31	0.25
32	1.25
33	0.25
34	1.75
35	0.5
36	0.25
37	0.75
38	0.25
39	0.5
40	1.5
41	0.5
42	0.0
43	1.75
44	1.75
45	0.25
46	0.5
47	1.75
48	0.0
49	2.0
50	0.0
51	1.75
52	0.0
53	1.75
54	0.5
55	0.0
56	1.75
57	0.25
58	0.0
59	1.5
60	0.0
61	0.5
62	0.5
63	1.25
64	0.0
65	0.5
66	1.25
67	0.25
68	1.25
69	0.25
70	0.25
71	1.75
72	0.25
73	0.25
74	1.5
75	0.5
76	0.5
77	0.0
78	0.0
79	0.0
80	1.75
81	0.25
82	1.5
83	0.0
84	0.25
85	2.0
86	0.25
87	1.25
88	0.5
89	1.25
90	0.25
91	0.25
92	0.25
93	0.0
94	0.25
95	1.5
96	0.25
97	0.25
98	1.25
99	1.5
100	0.0
101	0.5
102	0.0
103	2.0
104	0.0
105	1.5
106	0.0
107	0.25
108	0.0
109	0.0
110	0.0
111	0.0
112	0.0
