1	0.0
2	0.0
3	0.25
4	0.0
5	0.25
6	0.0
7	0.0
8	0.25
9	0.25
10	0.5
11	1.0
12	1.25
13	0.5
14	0.25
15	0.25
16	0.0
17	0.25
18	0.5
19	0.25
20	0.0
21	0.5
22	1.5
23	0.25
24	0.5
25	0.0
26	1.25
27	0.5
28	1.5
29	0.5
30	1.25
31	0.25
32	0.25
33	1.75
34	0.25
35	0.5
36	0.5
37	0.25
38	1.75
39	0.25
40	0.25
41	0.5
42	1.5
43	0.25
44	1.5
45	1.5
46	0.25
47	0.5
48	1.5
49	2.0
50	0.25
51	1.0
52	1.75
53	0.25
54	1.5
55	0.0
56	0.25
57	1.25
58	1.25
59	0.75
60	1.5
61	0.0
62	0.25
63	1.5
64	0.5
65	0.5
66	0.25
67	0.25
68	0.25
69	1.5
70	0.0
71	1.75
72	1.75
73	0.25
74	0.25
75	0.5
76	0.25
77	1.25
78	0.0
79	1.75
80	0.0
81	0.25
82	0.5
83	1.25
84	0.25
85	0.75
86	1.5
87	0.0
88	0.25
89	0.0
90	0.0
91	0.25
92	0.5
93	1.0
94	0.5
95	0.5
96	1.75
97	1.0
98	0.75
99	0.0
100	0.0
101	0.25
102	0.0
103	0.5
104	0.0
105	0.0
106	0.0
107	0.25
108	0.0
109	0.0
110	0.0
111	0.0
112	0.0
