1	0.0
2	0.0
3	0.25
4	0.0
5	0.25
6	0.0
7	0.0
8	0.25
9	0.5
10	0.25
11	1.0
12	0.0
13	0.5
14	1.5
15	0.25
16	0.0
17	0.5
18	0.25
19	1.5
20	0.0
21	1.5
22	0.25
23	1.75
24	0.5
25	0.0
26	1.5
27	1.5
28	0.5
29	0.25
30	0.0
31	1.75
32	1.25
33	0.25
34	0.25
35	0.5
36	0.25
37	0.25
38	1.5
39	0.5
40	0.25
41	0.25
42	0.25
43	1.5
44	0.5
45	1.25
46	0.25
47	0.5
48	0.0
49	0.5
50	1.25
51	0.5
52	1.25
53	0.5
54	0.25
55	0.0
56	0.5
57	0.25
58	0.0
59	1.5
60	0.25
61	0.25
62	1.25
63	0.0
64	0.25
65	2.0
66	0.0
67	1.5
68	0.25
69	0.25
70	1.5
71	0.5
72	1.75
73	0.25
74	1.5
75	1.75
76	0.5
77	1.25
78	0.0
79	0.5
80	1.25
81	0.25
82	1.5
83	0.0
84	1.25
85	0.5
86	0.0
87	0.0
88	1.25
89	0.5
90	1.25
91	0.75
92	1.75
93	0.0
94	0.25
95	2.0
96	0.25
97	0.0
98	0.25
99	0.0
100	1.75
101	0.25
102	0.0
103	1.0
104	1.25
105	0.25
106	0.25
107	0.75
108	0.0
109	0.0
110	0.0
111	0.0
112	0.0
