1	0.0
2	0.0
3	0.2222222222222222
4	0.0
5	0.2222222222222222
6	0.0
7	0.0
8	0.2222222222222222
9	0.2222222222222222
10	0.2222222222222222
11	0.2222222222222222
12	0.0
13	0.2222222222222222
14	0.2222222222222222
15	0.2222222222222222
16	0.0
17	1.3333333333333333
18	0.2222222222222222
19	0.2222222222222222
20	0.0
21	1.1111111111111112
22	0.2222222222222222
23	0.0
24	0.4444444444444444
25	1.3333333333333333
26	0.2222222222222222
27	1.3333333333333333
28	0.0
29	0.2222222222222222
30	1.3333333333333333
31	0.2222222222222222
32	0.2222222222222222
33	1.3333333333333333
34	0.6666666666666666
35	1.3333333333333333
36	0.4444444444444444
37	1.5555555555555556
38	0.2222222222222222
39	1.3333333333333333
40	0.2222222222222222
41	0.4444444444444444
42	1.1111111111111112
43	0.2222222222222222
44	0.2222222222222222
45	1.1111111111111112
46	0.2222222222222222
47	0.4444444444444444
48	1.1111111111111112
49	0.2222222222222222
50	0.2222222222222222
51	0.6666666666666666
52	0.0
53	1.3333333333333333
54	0.2222222222222222
55	1.5555555555555556
56	0.4444444444444444
57	0.0
58	0.0
59	0.2222222222222222
60	1.3333333333333333
61	0.0
62	0.6666666666666666
63	1.1111111111111112
64	0.0
65	2.0
66	0.2222222222222222
67	0.2222222222222222
68	0.2222222222222222
69	1.3333333333333333
70	0.2222222222222222
71	1.5555555555555556
72	0.0
73	0.4444444444444444
74	1.3333333333333333
75	0.4444444444444444
76	1.5555555555555556
77	0.0
78	0.0
79	1.3333333333333333
80	0.2222222222222222
81	0.2222222222222222
82	0.2222222222222222
83	1.1111111111111112
84	0.2222222222222222
85	0.4444444444444444
86	1.3333333333333333
87	0.0
88	1.1111111111111112
89	0.2222222222222222
90	1.1111111111111112
91	1.3333333333333333
92	0.4444444444444444
93	0.8888888888888888
94	1.5555555555555556
95	0.4444444444444444
96	1.7777777777777777
97	0.2222222222222222
98	1.1111111111111112
99	0.0
100	0.0
101	0.2222222222222222
102	0.4444444444444444
103	0.6666666666666666
104	0.4444444444444444
105	0.8888888888888888
106	0.0
107	0.2222222222222222
108	0.0
109	0.0
110	0.0
111	0.0
112	0.0
