1	0.0
2	0.0
3	0.25
4	0.0
5	0.25
6	0.0
7	0.0
8	0.25
9	0.25
10	1.5
11	0.5
12	1.0
13	0.5
14	1.5
15	0.5
16	0.25
17	1.5
18	1.75
19	0.25
20	0.0
21	0.25
22	0.25
23	0.0
24	0.5
25	0.0
26	1.5
27	0.5
28	0.0
29	0.5
30	1.25
31	0.75
32	1.25
33	0.25
34	0.25
35	0.5
36	0.25
37	0.5
38	1.5
39	0.25
40	0.25
41	0.5
42	1.25
43	0.25
44	0.25
45	1.5
46	0.5
47	0.25
48	0.0
49	0.25
50	0.25
51	0.5
52	0.25
53	0.0
54	1.5
55	0.0
56	0.25
57	0.0
58	0.0
59	0.25
60	0.0
61	0.25
62	0.25
63	1.25
64	0.0
65	0.75
66	0.0
67	1.25
68	0.25
69	1.5
70	0.0
71	0.5
72	1.5
73	0.25
74	1.75
75	0.5
76	2.0
77	1.5
78	0.0
79	1.5
80	0.0
81	1.5
82	0.5
83	1.25
84	0.5
85	0.5
86	1.75
87	0.0
88	1.5
89	0.0
90	0.25
91	1.75
92	1.75
93	0.0
94	1.75
95	0.5
96	1.75
97	0.25
98	0.25
99	0.25
100	1.5
101	0.5
102	1.25
103	0.5
104	0.25
105	0.0
106	1.5
107	0.5
108	0.0
109	0.0
110	0.0
111	0.0
112	0.0
