1	0.0
2	0.0
3	0.25
4	0.0
5	0.25
6	0.0
7	0.0
8	0.25
9	0.25
10	1.25
11	0.25
12	0.0
13	0.25
14	0.75
15	1.25
16	0.25
17	1.5
18	0.5
19	1.5
20	0.0
21	0.5
22	1.5
23	1.75
24	0.5
25	0.0
26	0.25
27	0.75
28	0.0
29	1.75
30	0.0
31	1.75
32	0.75
33	0.25
34	2.0
35	0.5
36	0.25
37	0.25
38	0.25
39	1.25
40	0.5
41	1.75
42	0.0
43	0.0
44	0.25
45	1.5
46	1.75
47	0.75
48	0.0
49	0.5
50	1.5
51	0.5
52	1.25
53	0.0
54	1.75
55	0.0
56	0.25
57	1.25
58	0.25
59	0.25
60	1.5
61	0.0
62	0.5
63	1.25
64	0.25
65	0.5
66	1.25
67	0.75
68	1.0
69	0.25
70	0.0
71	0.75
72	0.5
73	0.25
74	0.5
75	0.5
76	1.75
77	0.25
78	1.75
79	1.75
80	0.0
81	1.75
82	0.0
83	1.25
84	1.25
85	0.5
86	0.5
87	1.25
88	0.5
89	1.25
90	0.0
91	0.75
92	2.0
93	0.0
94	1.75
95	1.75
96	0.25
97	1.5
98	1.75
99	0.0
100	1.25
101	1.75
102	0.25
103	1.5
104	0.0
105	0.25
106	1.25
107	1.75
108	0.0
109	0.0
110	0.0
111	0.0
112	0.0
