1	0.0
2	0.0
3	0.25
4	0.0
5	0.25
6	0.0
7	0.0
8	0.25
9	0.25
10	0.25
11	0.0
12	0.0
13	0.75
14	0.25
15	1.25
16	0.0
17	1.5
18	0.5
19	1.25
20	0.0
21	0.25
22	0.25
23	2.0
24	0.5
25	0.0
26	0.0
27	1.75
28	1.0
29	2.0
30	0.0
31	1.75
32	0.5
33	1.5
34	0.25
35	0.75
36	1.5
37	0.25
38	1.75
39	0.5
40	0.25
41	1.5
42	0.25
43	0.25
44	1.75
45	0.5
46	1.5
47	0.5
48	0.5
49	0.25
50	1.75
51	0.5
52	0.0
53	0.0
54	1.5
55	0.25
56	1.75
57	0.25
58	0.25
59	1.75
60	1.5
61	0.25
62	1.25
63	1.5
64	0.0
65	0.75
66	1.25
67	0.75
68	1.0
69	0.5
70	1.25
71	0.5
72	0.25
73	0.25
74	1.5
75	0.75
76	0.25
77	0.25
78	1.25
79	0.0
80	0.5
81	0.5
82	0.0
83	0.0
84	1.0
85	0.5
86	0.5
87	1.5
88	0.25
89	1.5
90	0.0
91	1.25
92	0.25
93	0.0
94	2.0
95	0.5
96	1.75
97	0.0
98	0.25
99	0.5
100	0.0
101	0.25
102	0.0
103	0.5
104	0.0
105	0.0
106	1.25
107	0.25
108	0.0
109	0.0
110	0.0
111	0.0
112	0.0
