1	0.0
2	0.0
3	0.25
4	0.0
5	0.25
6	0.0
7	0.0
8	0.25
9	0.25
10	0.25
11	0.0
12	1.25
13	0.25
14	1.75
15	0.5
16	0.0
17	0.5
18	0.25
19	1.5
20	0.0
21	1.5
22	0.25
23	1.75
24	0.5
25	0.0
26	1.5
27	0.5
28	0.25
29	1.75
30	0.0
31	1.75
32	0.25
33	0.5
34	0.5
35	1.5
36	0.5
37	1.5
38	0.5
39	0.25
40	0.5
41	1.25
42	0.25
43	0.5
44	0.25
45	0.25
46	1.75
47	0.5
48	1.5
49	0.25
50	0.0
51	0.5
52	0.0
53	0.0
54	0.5
55	0.0
56	1.5
57	0.25
58	0.0
59	2.0
60	0.25
61	1.5
62	0.25
63	0.0
64	1.5
65	1.0
66	1.5
67	0.25
68	1.5
69	0.25
70	0.0
71	1.75
72	0.5
73	0.25
74	0.5
75	1.75
76	0.25
77	0.0
78	0.0
79	1.5
80	0.0
81	0.25
82	1.75
83	0.25
84	0.25
85	0.5
86	1.25
87	0.25
88	1.5
89	0.25
90	0.0
91	0.25
92	0.25
93	1.0
94	0.25
95	0.25
96	0.5
97	0.25
98	0.25
99	0.0
100	0.0
101	0.25
102	0.0
103	0.5
104	0.0
105	0.0
106	1.5
107	0.25
108	0.0
109	0.0
110	0.0
111	0.0
112	0.0
