1	0.0
2	0.0
3	0.25
4	0.0
5	0.25
6	0.0
7	0.0
8	0.25
9	0.25
10	0.25
11	0.0
12	0.0
13	0.25
14	0.25
15	0.25
16	0.0
17	0.5
18	1.5
19	0.5
20	0.0
21	0.0
22	0.5
23	0.0
24	1.75
25	0.0
26	1.5
27	0.25
28	0.0
29	0.5
30	1.25
31	0.25
32	1.25
33	0.75
34	2.0
35	0.5
36	0.25
37	1.75
38	0.25
39	1.75
40	0.5
41	0.75
42	0.0
43	1.5
44	0.25
45	0.0
46	0.25
47	0.25
48	1.25
49	0.75
50	0.25
51	0.5
52	0.0
53	1.5
54	0.75
55	1.75
56	2.0
57	0.0
58	0.0
59	0.25
60	1.5
61	0.5
62	1.25
63	0.25
64	1.25
65	0.5
66	0.25
67	0.5
68	1.25
69	0.5
70	1.0
71	2.0
72	0.0
73	1.5
74	0.25
75	0.5
76	0.25
77	0.0
78	0.25
79	1.5
80	0.0
81	0.5
82	0.25
83	1.75
84	1.0
85	2.0
86	0.0
87	0.0
88	0.25
89	0.25
90	1.25
91	1.75
92	0.5
93	0.0
94	1.5
95	0.5
96	0.25
97	0.5
98	0.25
99	1.5
100	1.25
101	0.5
102	0.25
103	0.5
104	0.0
105	0.0
106	0.0
107	0.25
108	0.0
109	0.0
110	0.0
111	0.0
112	0.0
