1	0.0
2	0.0
3	0.25
4	0.0
5	0.25
6	0.0
7	0.0
8	0.25
9	0.25
10	0.25
11	0.25
12	0.0
13	1.5
14	0.5
15	0.25
16	0.25
17	0.25
18	2.0
19	0.5
20	0.0
21	0.0
22	0.25
23	0.0
24	1.5
25	0.0
26	1.5
27	0.25
28	1.25
29	0.75
30	1.75
31	0.5
32	1.5
33	0.5
34	1.5
35	0.25
36	0.25
37	0.25
38	1.5
39	0.0
40	0.5
41	1.25
42	0.0
43	0.0
44	0.25
45	0.0
46	0.25
47	1.5
48	0.0
49	2.0
50	1.25
51	0.75
52	0.25
53	0.25
54	0.25
55	0.25
56	0.25
57	0.0
58	0.0
59	0.25
60	1.75
61	1.25
62	0.25
63	1.5
64	1.75
65	2.0
66	1.25
67	0.25
68	0.25
69	1.5
70	0.0
71	0.5
72	1.5
73	0.5
74	1.5
75	2.0
76	0.25
77	1.25
78	0.0
79	0.0
80	0.25
81	1.5
82	0.0
83	1.5
84	0.25
85	0.5
86	1.75
87	0.0
88	0.5
89	1.5
90	0.0
91	1.25
92	0.5
93	0.25
94	1.5
95	0.25
96	2.0
97	0.0
98	0.5
99	0.0
100	1.25
101	0.25
102	0.25
103	0.5
104	0.0
105	0.0
106	0.5
107	0.25
108	0.0
109	0.0
110	0.0
111	0.0
112	0.0
