1	0.0
2	0.0
3	0.25
4	0.0
5	0.25
6	0.0
7	0.0
8	0.25
9	0.5
10	1.5
11	0.0
12	1.25
13	0.25
14	0.25
15	0.25
16	0.0
17	1.5
18	0.25
19	0.25
20	0.0
21	0.25
22	0.5
23	1.25
24	0.5
25	0.0
26	0.0
27	1.75
28	1.25
29	0.5
30	1.25
31	0.25
32	0.25
33	0.25
34	1.75
35	0.25
36	1.5
37	0.25
38	0.75
39	0.0
40	1.75
41	0.5
42	0.25
43	0.0
44	0.25
45	1.5
46	0.25
47	0.25
48	0.0
49	2.0
50	0.0
51	0.75
52	1.5
53	1.5
54	0.25
55	0.5
56	0.75
57	1.0
58	0.25
59	1.5
60	0.25
61	0.0
62	1.25
63	0.25
64	0.25
65	2.0
66	0.0
67	1.25
68	0.5
69	0.25
70	1.25
71	0.75
72	0.0
73	0.25
74	0.0
75	2.0
76	0.25
77	1.25
78	1.5
79	0.0
80	1.25
81	0.5
82	0.0
83	1.5
84	1.0
85	0.5
86	1.75
87	0.25
88	1.25
89	0.25
90	1.25
91	0.5
92	0.5
93	1.0
94	0.5
95	1.5
96	0.5
97	0.0
98	0.5
99	0.0
100	1.25
101	0.25
102	0.0
103	1.0
104	1.5
105	1.0
106	0.25
107	0.25
108	0.0
109	0.0
110	0.0
111	0.0
112	0.0
