1	0.0
2	0.0
3	0.2222222222222222
4	0.0
5	0.2222222222222222
6	0.0
7	0.0
8	0.2222222222222222
9	0.2222222222222222
10	1.1111111111111112
11	0.2222222222222222
12	0.4444444444444444
13	0.2222222222222222
14	0.4444444444444444
15	1.3333333333333333
16	0.0
17	1.3333333333333333
18	0.2222222222222222
19	0.4444444444444444
20	0.0
21	0.2222222222222222
22	0.2222222222222222
23	1.1111111111111112
24	0.4444444444444444
25	1.3333333333333333
26	0.4444444444444444
27	1.5555555555555556
28	0.2222222222222222
29	0.2222222222222222
30	1.3333333333333333
31	0.2222222222222222
32	1.1111111111111112
33	0.4444444444444444
34	0.2222222222222222
35	0.4444444444444444
36	0.2222222222222222
37	0.2222222222222222
38	1.7777777777777777
39	0.0
40	1.5555555555555556
41	0.2222222222222222
42	0.2222222222222222
43	1.1111111111111112
44	0.2222222222222222
45	0.4444444444444444
46	0.2222222222222222
47	1.5555555555555556
48	0.2222222222222222
49	1.5555555555555556
50	0.2222222222222222
51	1.5555555555555556
52	0.0
53	0.4444444444444444
54	1.5555555555555556
55	0.2222222222222222
56	1.5555555555555556
57	0.2222222222222222
58	1.1111111111111112
59	0.2222222222222222
60	1.3333333333333333
61	1.5555555555555556
62	0.2222222222222222
63	1.5555555555555556
64	0.0
65	2.0
66	0.0
67	0.4444444444444444
68	0.8888888888888888
69	0.2222222222222222
70	0.0
71	0.4444444444444444
72	1.1111111111111112
73	0.2222222222222222
74	1.5555555555555556
75	0.4444444444444444
76	1.5555555555555556
77	0.2222222222222222
78	0.0
79	1.5555555555555556
80	0.0
81	0.4444444444444444
82	0.0
83	0.2222222222222222
84	1.3333333333333333
85	0.4444444444444444
86	1.5555555555555556
87	0.0
88	0.2222222222222222
89	1.3333333333333333
90	0.0
91	1.1111111111111112
92	0.2222222222222222
93	0.8888888888888888
94	0.2222222222222222
95	1.5555555555555556
96	1.7777777777777777
97	0.0
98	0.4444444444444444
99	1.3333333333333333
100	1.1111111111111112
101	0.6666666666666666
102	1.1111111111111112
103	0.4444444444444444
104	1.1111111111111112
105	0.0
106	1.5555555555555556
107	0.2222222222222222
108	0.0
109	0.0
110	0.0
111	0.0
112	0.0
