1	0.0
2	0.0
3	0.2222222222222222
4	0.0
5	0.2222222222222222
6	0.0
7	0.0
8	0.2222222222222222
9	0.2222222222222222
10	0.2222222222222222
11	0.0
12	0.0
13	0.2222222222222222
14	0.2222222222222222
15	0.2222222222222222
16	0.0
17	0.2222222222222222
18	0.2222222222222222
19	0.2222222222222222
20	0.0
21	0.0
22	0.2222222222222222
23	0.0
24	0.2222222222222222
25	0.0
26	0.0
27	0.2222222222222222
28	0.2222222222222222
29	0.4444444444444444
30	1.3333333333333333
31	1.3333333333333333
32	0.2222222222222222
33	0.2222222222222222
34	1.5555555555555556
35	0.2222222222222222
36	0.2222222222222222
37	1.3333333333333333
38	0.2222222222222222
39	0.2222222222222222
40	0.2222222222222222
41	0.4444444444444444
42	0.2222222222222222
43	1.1111111111111112
44	1.3333333333333333
45	0.2222222222222222
46	0.2222222222222222
47	1.3333333333333333
48	0.0
49	0.6666666666666666
50	0.2222222222222222
51	1.7777777777777777
52	0.0
53	1.1111111111111112
54	0.4444444444444444
55	1.5555555555555556
56	0.4444444444444444
57	0.8888888888888888
58	0.2222222222222222
59	0.6666666666666666
60	0.0
61	0.2222222222222222
62	1.1111111111111112
63	0.2222222222222222
64	0.0
65	2.0
66	0.0
67	1.5555555555555556
68	0.0
69	0.2222222222222222
70	0.0
71	1.5555555555555556
72	0.2222222222222222
73	1.3333333333333333
74	0.4444444444444444
75	0.6666666666666666
76	1.5555555555555556
77	0.0
78	0.0
79	0.2222222222222222
80	0.0
81	0.2222222222222222
82	1.3333333333333333
83	0.0
84	0.2222222222222222
85	1.7777777777777777
86	0.0
87	0.2222222222222222
88	0.4444444444444444
89	0.0
90	1.3333333333333333
91	0.6666666666666666
92	0.2222222222222222
93	0.0
94	1.3333333333333333
95	0.4444444444444444
96	0.4444444444444444
97	0.4444444444444444
98	0.2222222222222222
99	1.1111111111111112
100	0.0
101	0.6666666666666666
102	0.2222222222222222
103	1.7777777777777777
104	0.0
105	1.1111111111111112
106	0.0
107	0.2222222222222222
108	0.0
109	0.0
110	0.0
111	0.0
112	0.0
