1	0.0
2	0.0
3	0.25
4	0.0
5	0.25
6	0.0
7	0.0
8	0.25
9	0.25
10	0.25
11	1.0
12	0.25
13	0.25
14	1.75
15	0.75
16	1.0
17	0.75
18	1.75
19	0.25
20	0.0
21	1.5
22	0.5
23	0.0
24	1.75
25	0.0
26	0.25
27	2.0
28	1.25
29	0.25
30	0.0
31	0.25
32	0.25
33	1.5
34	0.25
35	1.5
36	0.25
37	0.5
38	0.25
39	1.75
40	2.0
41	0.25
42	0.0
43	1.5
44	0.5
45	0.0
46	0.25
47	1.25
48	0.25
49	1.75
50	1.75
51	0.5
52	0.25
53	1.75
54	0.25
55	1.5
56	0.25
57	0.0
58	1.25
59	0.75
60	0.25
61	0.5
62	1.25
63	0.25
64	0.0
65	1.0
66	1.25
67	1.25
68	0.0
69	0.5
70	1.0
71	0.75
72	0.25
73	1.5
74	0.25
75	0.5
76	0.25
77	1.25
78	0.0
79	1.5
80	0.0
81	1.5
82	0.5
83	0.0
84	1.25
85	2.0
86	1.5
87	0.0
88	0.25
89	0.0
90	0.0
91	0.75
92	0.5
93	0.0
94	0.25
95	0.75
96	0.25
97	0.0
98	1.5
99	0.0
100	0.0
101	0.25
102	1.5
103	0.5
104	0.25
105	1.0
106	0.0
107	0.25
108	0.0
109	0.0
110	0.0
111	0.0
112	0.0
