1	0.0
2	0.0
3	0.25
4	0.0
5	0.25
6	0.0
7	0.0
8	0.25
9	0.25
10	0.25
11	1.5
12	0.25
13	0.25
14	0.25
15	1.5
16	1.25
17	0.5
18	0.25
19	1.25
20	0.0
21	1.5
22	0.25
23	0.0
24	1.75
25	0.0
26	0.25
27	1.75
28	0.0
29	1.75
30	0.25
31	1.5
32	0.5
33	0.5
34	0.25
35	1.5
36	1.25
37	0.25
38	0.25
39	1.5
40	0.25
41	1.25
42	0.25
43	0.0
44	0.5
45	0.25
46	0.25
47	0.25
48	1.25
49	0.25
50	1.25
51	0.75
52	0.25
53	0.25
54	1.75
55	0.0
56	1.75
57	0.25
58	0.0
59	0.25
60	0.0
61	1.75
62	0.5
63	0.0
64	1.25
65	1.0
66	0.0
67	1.75
68	0.0
69	0.25
70	1.0
71	0.5
72	1.75
73	1.5
74	0.5
75	2.0
76	0.5
77	0.0
78	1.5
79	1.25
80	0.5
81	0.25
82	0.5
83	1.5
84	0.5
85	0.5
86	1.25
87	0.25
88	0.25
89	0.0
90	0.25
91	0.25
92	0.5
93	1.0
94	0.25
95	0.5
96	1.75
97	0.25
98	0.25
99	0.0
100	0.0
101	0.25
102	0.0
103	0.5
104	0.0
105	1.25
106	0.25
107	0.25
108	0.0
109	0.0
110	0.0
111	0.0
112	0.0
