1	0.0
2	0.0
3	0.25
4	0.0
5	0.25
6	0.0
7	0.0
8	0.25
9	0.25
10	0.25
11	0.0
12	0.0
13	0.5
14	2.0
15	0.25
16	1.0
17	0.25
18	0.5
19	0.5
20	0.0
21	0.25
22	1.5
23	0.25
24	0.25
25	1.5
26	0.0
27	0.25
28	0.0
29	0.5
30	1.25
31	0.25
32	0.75
33	1.5
34	0.25
35	1.25
36	0.25
37	0.25
38	0.5
39	0.25
40	2.0
41	0.25
42	0.25
43	1.5
44	0.25
45	1.75
46	0.25
47	0.5
48	0.25
49	1.5
50	0.25
51	2.0
52	0.0
53	0.0
54	1.75
55	0.0
56	0.5
57	1.0
58	0.0
59	1.75
60	1.5
61	1.75
62	1.25
63	0.25
64	1.5
65	0.75
66	1.5
67	0.5
68	0.0
69	1.5
70	0.25
71	0.5
72	1.25
73	0.25
74	1.75
75	0.5
76	1.5
77	0.25
78	0.25
79	1.25
80	0.0
81	0.5
82	0.25
83	1.25
84	0.5
85	0.5
86	0.0
87	1.25
88	0.25
89	1.25
90	0.25
91	0.25
92	1.75
93	0.0
94	1.75
95	0.25
96	0.25
97	0.25
98	0.25
99	0.25
100	0.0
101	1.75
102	0.0
103	1.5
104	0.0
105	0.0
106	0.0
107	0.25
108	0.0
109	0.0
110	0.0
111	0.0
112	0.0
