1	0.0
2	0.0
3	0.25
4	0.0
5	0.25
6	0.0
7	0.0
8	0.25
9	0.25
10	0.25
11	0.0
12	0.0
13	0.25
14	0.25
15	0.25
16	0.0
17	0.25
18	0.25
19	0.25
20	0.0
21	0.0
22	0.25
23	0.0
24	0.5
25	0.0
26	1.25
27	0.25
28	0.0
29	0.25
30	0.0
31	0.25
32	0.25
33	0.25
34	0.25
35	0.25
36	0.25
37	0.25
38	0.25
39	0.0
40	0.25
41	0.5
42	1.5
43	0.0
44	0.25
45	0.25
46	0.25
47	0.25
48	0.0
49	0.25
50	0.0
51	0.5
52	0.0
53	0.0
54	0.25
55	0.0
56	1.75
57	0.0
58	0.25
59	0.25
60	0.0
61	0.0
62	0.25
63	0.25
64	0.0
65	2.0
66	0.0
67	0.25
68	0.0
69	0.25
70	0.0
71	0.5
72	0.0
73	0.25
74	0.0
75	0.5
76	0.25
77	0.0
78	0.0
79	0.0
80	0.0
81	0.25
82	0.0
83	0.0
84	0.0
85	0.5
86	0.0
87	0.0
88	0.25
89	0.0
90	0.0
91	0.25
92	0.25
93	0.0
94	1.5
95	0.25
96	0.25
97	0.0
98	0.25
99	0.0
100	0.0
101	0.25
102	0.0
103	0.5
104	0.0
105	0.0
106	0.0
107	0.25
108	0.5
109	0.0
110	0.0
111	0.0
112	0.0
