1	0.0
2	0.0
3	0.3333333333333333
4	0.0
5	0.3333333333333333
6	0.0
7	0.0
8	0.3333333333333333
9	0.3333333333333333
10	0.6666666666666666
11	0.0
12	0.0
13	0.3333333333333333
14	0.3333333333333333
15	0.3333333333333333
16	0.3333333333333333
17	0.6666666666666666
18	0.3333333333333333
19	1.6666666666666667
20	0.3333333333333333
21	1.6666666666666667
22	0.3333333333333333
23	1.6666666666666667
24	1.0
25	0.0
26	0.0
27	0.3333333333333333
28	0.0
29	0.3333333333333333
30	0.0
31	0.3333333333333333
32	0.3333333333333333
33	0.3333333333333333
34	0.3333333333333333
35	0.3333333333333333
36	0.3333333333333333
37	0.3333333333333333
38	1.0
39	0.0
40	0.3333333333333333
41	0.3333333333333333
42	0.0
43	0.0
44	0.3333333333333333
45	1.6666666666666667
46	0.3333333333333333
47	1.6666666666666667
48	0.0
49	0.6666666666666666
50	2.0
51	0.6666666666666666
52	0.0
53	0.0
54	0.3333333333333333
55	1.6666666666666667
56	2.0
57	0.0
58	0.0
59	0.3333333333333333
60	0.0
61	0.0
62	0.3333333333333333
63	0.3333333333333333
64	0.0
65	1.3333333333333333
66	0.0
67	0.3333333333333333
68	0.0
69	0.3333333333333333
70	0.0
71	0.6666666666666666
72	0.0
73	0.3333333333333333
74	0.0
75	0.6666666666666666
76	0.3333333333333333
77	0.0
78	0.0
79	0.0
80	0.0
81	0.3333333333333333
82	0.0
83	0.0
84	0.0
85	0.6666666666666666
86	0.0
87	1.6666666666666667
88	0.3333333333333333
89	0.6666666666666666
90	0.6666666666666666
91	2.0
92	0.6666666666666666
93	0.3333333333333333
94	2.0
95	0.3333333333333333
96	0.6666666666666666
97	1.6666666666666667
98	2.0
99	0.0
100	2.0
101	0.6666666666666666
102	0.3333333333333333
103	1.0
104	1.6666666666666667
105	0.0
106	0.6666666666666666
107	0.6666666666666666
108	0.0
109	0.0
110	0.0
111	0.0
112	0.0
