1	0.0
2	0.0
3	0.25
4	0.0
5	0.25
6	0.0
7	0.0
8	0.25
9	0.25
10	0.25
11	0.0
12	0.0
13	0.25
14	0.25
15	0.25
16	0.0
17	0.25
18	0.25
19	0.25
20	0.0
21	0.0
22	0.25
23	0.0
24	0.25
25	0.0
26	0.0
27	0.25
28	0.0
29	0.25
30	0.0
31	0.25
32	0.5
33	1.25
34	0.25
35	0.5
36	0.25
37	0.25
38	2.0
39	0.0
40	0.25
41	0.75
42	1.5
43	0.0
44	0.25
45	1.5
46	0.25
47	0.25
48	0.0
49	0.25
50	0.0
51	0.5
52	1.25
53	0.25
54	0.25
55	0.0
56	1.5
57	0.25
58	1.5
59	0.25
60	0.0
61	1.5
62	0.25
63	0.0
64	0.0
65	2.0
66	0.0
67	1.75
68	0.0
69	0.5
70	0.25
71	0.5
72	0.0
73	0.25
74	0.0
75	0.5
76	0.5
77	0.0
78	1.25
79	0.25
80	1.5
81	0.75
82	1.25
83	0.5
84	1.25
85	1.0
86	1.75
87	0.25
88	1.25
89	0.0
90	0.25
91	0.25
92	0.25
93	0.0
94	0.5
95	0.5
96	0.5
97	1.25
98	0.5
99	0.0
100	0.0
101	0.5
102	1.25
103	0.75
104	0.0
105	0.0
106	0.25
107	0.25
108	0.0
109	0.0
110	0.0
111	0.0
112	0.0
