1	0.0
2	0.0
3	0.25
4	0.0
5	0.25
6	0.0
7	0.0
8	0.25
9	0.25
10	0.25
11	0.0
12	0.0
13	0.25
14	0.25
15	0.25
16	0.0
17	0.25
18	0.25
19	0.25
20	0.0
21	0.0
22	0.25
23	0.0
24	0.5
25	0.0
26	0.0
27	0.25
28	0.0
29	0.25
30	0.0
31	0.5
32	1.75
33	0.25
34	0.25
35	0.5
36	1.25
37	0.25
38	0.25
39	0.0
40	0.25
41	0.25
42	0.0
43	0.0
44	0.5
45	0.0
46	1.75
47	0.5
48	1.5
49	0.75
50	1.25
51	0.75
52	0.0
53	0.0
54	0.25
55	0.0
56	0.75
57	0.0
58	0.0
59	1.5
60	1.5
61	0.0
62	0.25
63	0.0
64	0.0
65	0.5
66	0.0
67	0.25
68	0.0
69	1.5
70	0.25
71	0.5
72	1.5
73	0.25
74	0.25
75	2.0
76	0.5
77	0.25
78	0.0
79	1.75
80	0.0
81	0.25
82	0.5
83	0.0
84	0.25
85	1.75
86	0.5
87	0.0
88	0.25
89	0.0
90	0.0
91	0.25
92	0.25
93	0.0
94	0.25
95	0.25
96	0.5
97	1.0
98	0.25
99	1.5
100	1.5
101	1.5
102	1.5
103	0.5
104	0.0
105	0.0
106	0.0
107	0.25
108	0.5
109	0.0
110	0.0
111	0.0
112	0.0
