1	0.0
2	0.0
3	0.25
4	0.0
5	0.25
6	0.0
7	0.0
8	0.25
9	0.25
10	0.25
11	0.0
12	1.25
13	0.5
14	1.5
15	0.5
16	1.25
17	0.25
18	0.75
19	1.25
20	0.0
21	0.0
22	0.25
23	0.25
24	1.75
25	0.0
26	1.5
27	0.25
28	0.0
29	0.5
30	1.25
31	0.5
32	1.5
33	0.5
34	0.25
35	0.5
36	1.25
37	0.5
38	0.25
39	1.5
40	0.25
41	0.5
42	1.25
43	0.25
44	1.5
45	1.25
46	0.25
47	1.25
48	0.25
49	0.25
50	0.25
51	2.0
52	1.5
53	0.0
54	1.5
55	0.0
56	0.25
57	1.5
58	0.0
59	0.25
60	1.25
61	0.25
62	0.25
63	0.0
64	1.25
65	0.75
66	0.0
67	1.25
68	0.25
69	0.25
70	1.5
71	1.75
72	0.25
73	1.5
74	0.5
75	1.75
76	0.25
77	1.5
78	0.0
79	0.0
80	1.25
81	0.25
82	0.0
83	0.25
84	0.0
85	1.75
86	0.0
87	0.0
88	0.25
89	0.0
90	0.5
91	1.5
92	0.25
93	0.5
94	0.25
95	1.75
96	0.5
97	1.25
98	0.25
99	1.75
100	0.0
101	0.25
102	0.0
103	0.5
104	0.0
105	0.0
106	0.0
107	0.25
108	0.0
109	0.0
110	0.0
111	0.0
112	0.0
