1	0.0
2	0.0
3	0.2857142857142857
4	0.0
5	0.2857142857142857
6	0.0
7	0.0
8	0.2857142857142857
9	0.2857142857142857
10	0.2857142857142857
11	0.0
12	0.2857142857142857
13	0.5714285714285714
14	0.2857142857142857
15	0.2857142857142857
16	0.2857142857142857
17	0.5714285714285714
18	0.2857142857142857
19	1.4285714285714286
20	0.0
21	0.2857142857142857
22	1.7142857142857142
23	0.0
24	1.7142857142857142
25	0.5714285714285714
26	0.0
27	0.2857142857142857
28	0.0
29	0.2857142857142857
30	1.7142857142857142
31	0.5714285714285714
32	1.4285714285714286
33	0.8571428571428571
34	2.0
35	0.5714285714285714
36	0.2857142857142857
37	0.5714285714285714
38	0.2857142857142857
39	2.0
40	2.0
41	0.8571428571428571
42	0.0
43	0.0
44	0.2857142857142857
45	0.2857142857142857
46	0.2857142857142857
47	2.0
48	1.7142857142857142
49	0.8571428571428571
50	1.4285714285714286
51	0.5714285714285714
52	0.2857142857142857
53	1.7142857142857142
54	0.2857142857142857
55	1.7142857142857142
56	0.5714285714285714
57	1.4285714285714286
58	0.0
59	0.2857142857142857
60	0.2857142857142857
61	0.0
62	0.8571428571428571
63	1.4285714285714286
64	0.0
65	2.0
66	0.0
67	0.2857142857142857
68	0.2857142857142857
69	1.7142857142857142
70	0.2857142857142857
71	0.5714285714285714
72	0.5714285714285714
73	0.2857142857142857
74	0.0
75	0.5714285714285714
76	0.2857142857142857
77	0.0
78	0.0
79	1.7142857142857142
80	0.0
81	0.5714285714285714
82	2.0
83	0.2857142857142857
84	0.2857142857142857
85	0.5714285714285714
86	1.7142857142857142
87	1.7142857142857142
88	1.4285714285714286
89	0.2857142857142857
90	0.2857142857142857
91	0.5714285714285714
92	0.2857142857142857
93	0.0
94	0.2857142857142857
95	0.2857142857142857
96	0.2857142857142857
97	0.2857142857142857
98	0.5714285714285714
99	1.4285714285714286
100	1.7142857142857142
101	0.5714285714285714
102	0.0
103	0.5714285714285714
104	0.2857142857142857
105	1.4285714285714286
106	0.0
107	0.2857142857142857
108	0.0
109	0.0
110	0.0
111	0.0
112	0.0
