1	0.0
2	0.0
3	0.2857142857142857
4	0.0
5	0.2857142857142857
6	0.0
7	0.0
8	0.2857142857142857
9	0.2857142857142857
10	0.2857142857142857
11	0.0
12	0.0
13	0.2857142857142857
14	0.2857142857142857
15	0.2857142857142857
16	0.0
17	0.2857142857142857
18	0.2857142857142857
19	0.2857142857142857
20	0.0
21	0.0
22	0.2857142857142857
23	0.0
24	0.2857142857142857
25	0.0
26	0.0
27	0.2857142857142857
28	0.0
29	0.2857142857142857
30	0.0
31	0.2857142857142857
32	0.2857142857142857
33	0.2857142857142857
34	0.2857142857142857
35	0.2857142857142857
36	0.2857142857142857
37	0.2857142857142857
38	0.2857142857142857
39	0.0
40	0.2857142857142857
41	0.2857142857142857
42	0.0
43	0.0
44	0.2857142857142857
45	0.0
46	0.2857142857142857
47	0.2857142857142857
48	0.0
49	0.2857142857142857
50	0.0
51	0.5714285714285714
52	0.0
53	0.0
54	0.2857142857142857
55	0.0
56	0.2857142857142857
57	0.0
58	0.0
59	0.2857142857142857
60	0.0
61	0.0
62	0.2857142857142857
63	0.0
64	0.0
65	0.5714285714285714
66	1.7142857142857142
67	1.7142857142857142
68	0.2857142857142857
69	1.7142857142857142
70	0.2857142857142857
71	2.0
72	1.7142857142857142
73	0.2857142857142857
74	0.0
75	0.5714285714285714
76	0.2857142857142857
77	0.0
78	0.0
79	0.0
80	0.0
81	0.2857142857142857
82	0.0
83	0.0
84	0.0
85	0.8571428571428571
86	0.2857142857142857
87	1.4285714285714286
88	0.2857142857142857
89	0.0
90	0.5714285714285714
91	0.2857142857142857
92	0.5714285714285714
93	0.0
94	0.2857142857142857
95	1.7142857142857142
96	0.2857142857142857
97	1.7142857142857142
98	2.0
99	2.0
100	0.0
101	0.2857142857142857
102	0.0
103	0.5714285714285714
104	0.0
105	0.0
106	0.0
107	0.2857142857142857
108	0.0
109	0.0
110	0.0
111	0.0
112	0.0
