1	0.0
2	0.0
3	0.25
4	0.0
5	0.25
6	0.0
7	0.0
8	0.25
9	0.25
10	0.25
11	1.25
12	1.5
13	0.25
14	0.25
15	0.5
16	1.0
17	0.5
18	0.25
19	1.5
20	1.25
21	0.25
22	0.25
23	0.25
24	0.75
25	0.0
26	1.75
27	0.25
28	0.0
29	0.5
30	1.25
31	0.5
32	1.25
33	0.5
34	1.5
35	1.75
36	1.25
37	0.5
38	0.25
39	1.5
40	1.5
41	0.25
42	0.25
43	0.25
44	1.5
45	0.0
46	0.5
47	0.25
48	1.25
49	1.5
50	1.75
51	0.5
52	0.25
53	0.0
54	0.5
55	0.0
56	0.5
57	0.0
58	0.0
59	0.25
60	1.5
61	0.25
62	1.25
63	0.25
64	0.0
65	1.0
66	0.25
67	0.25
68	0.5
69	1.5
70	0.25
71	1.75
72	0.0
73	0.25
74	0.0
75	0.5
76	0.25
77	0.0
78	0.0
79	0.0
80	1.5
81	0.25
82	0.0
83	0.0
84	0.25
85	0.5
86	0.25
87	0.0
88	0.25
89	0.25
90	0.25
91	0.25
92	0.25
93	0.0
94	2.0
95	1.5
96	0.25
97	0.0
98	1.75
99	1.75
100	0.0
101	1.5
102	0.0
103	0.5
104	1.5
105	0.5
106	0.0
107	1.75
108	0.0
109	0.0
110	0.0
111	0.0
112	0.0
