1	0.0
2	0.0
3	0.25
4	0.0
5	0.25
6	0.0
7	0.0
8	0.25
9	0.25
10	1.75
11	1.25
12	1.25
13	0.5
14	0.25
15	1.25
16	0.0
17	1.5
18	2.0
19	0.5
20	0.0
21	1.5
22	0.25
23	0.0
24	2.0
25	0.0
26	0.0
27	0.25
28	1.0
29	1.75
30	0.0
31	1.75
32	0.5
33	0.5
34	0.25
35	1.25
36	0.5
37	0.5
38	1.5
39	0.5
40	1.5
41	0.25
42	0.25
43	1.5
44	0.25
45	0.5
46	0.25
47	0.5
48	1.25
49	0.5
50	1.75
51	0.5
52	1.5
53	0.0
54	0.5
55	1.25
56	1.5
57	0.25
58	0.5
59	1.5
60	1.25
61	0.25
62	1.25
63	0.5
64	1.5
65	0.75
66	1.5
67	0.25
68	0.0
69	0.25
70	0.25
71	0.5
72	0.5
73	0.25
74	0.5
75	2.0
76	0.25
77	1.5
78	0.0
79	0.25
80	0.0
81	1.5
82	0.0
83	0.25
84	1.25
85	0.5
86	1.75
87	0.0
88	1.25
89	1.5
90	0.0
91	1.5
92	0.25
93	0.0
94	1.5
95	0.5
96	1.75
97	0.25
98	1.75
99	0.0
100	1.25
101	0.75
102	1.25
103	0.5
104	1.25
105	0.5
106	0.0
107	0.5
108	0.0
109	0.0
110	0.0
111	0.0
112	0.0
