1	0.0
2	0.0
3	0.25
4	0.0
5	0.25
6	0.0
7	0.0
8	0.25
9	0.5
10	1.75
11	1.25
12	0.25
13	1.75
14	0.5
15	1.5
16	0.0
17	0.5
18	1.75
19	0.75
20	0.0
21	1.25
22	0.5
23	1.75
24	0.5
25	0.0
26	0.25
27	0.5
28	1.0
29	1.75
30	0.25
31	2.0
32	0.5
33	0.25
34	0.75
35	0.25
36	0.5
37	1.5
38	1.75
39	0.0
40	0.25
41	0.25
42	0.25
43	0.0
44	0.25
45	0.0
46	0.25
47	1.5
48	0.0
49	0.5
50	1.5
51	0.5
52	1.25
53	0.25
54	0.25
55	1.75
56	0.25
57	0.25
58	0.0
59	0.25
60	1.5
61	0.0
62	1.25
63	0.25
64	1.25
65	0.75
66	1.25
67	0.25
68	0.0
69	0.25
70	1.25
71	0.5
72	0.25
73	0.25
74	0.25
75	1.75
76	0.5
77	1.25
78	1.25
79	0.25
80	0.25
81	1.5
82	0.5
83	0.0
84	0.25
85	0.75
86	1.25
87	0.0
88	1.25
89	0.25
90	1.25
91	0.25
92	2.0
93	0.0
94	0.75
95	0.25
96	1.75
97	1.0
98	0.5
99	0.0
100	1.5
101	0.25
102	0.5
103	1.0
104	1.5
105	0.0
106	1.25
107	0.25
108	0.0
109	0.0
110	0.0
111	0.0
112	0.0
