1	0.0
2	0.0
3	0.2222222222222222
4	0.0
5	0.2222222222222222
6	0.0
7	0.0
8	0.2222222222222222
9	0.2222222222222222
10	0.2222222222222222
11	1.1111111111111112
12	0.0
13	0.2222222222222222
14	1.5555555555555556
15	0.2222222222222222
16	0.8888888888888888
17	0.2222222222222222
18	1.5555555555555556
19	0.4444444444444444
20	0.0
21	0.0
22	1.5555555555555556
23	0.0
24	0.4444444444444444
25	0.0
26	0.2222222222222222
27	0.2222222222222222
28	0.0
29	0.4444444444444444
30	0.2222222222222222
31	1.7777777777777777
32	0.4444444444444444
33	1.3333333333333333
34	0.2222222222222222
35	1.1111111111111112
36	0.2222222222222222
37	0.4444444444444444
38	1.3333333333333333
39	0.0
40	0.2222222222222222
41	0.2222222222222222
42	1.3333333333333333
43	0.2222222222222222
44	1.7777777777777777
45	0.0
46	1.3333333333333333
47	0.2222222222222222
48	0.2222222222222222
49	1.3333333333333333
50	0.4444444444444444
51	0.6666666666666666
52	0.0
53	0.2222222222222222
54	0.4444444444444444
55	0.0
56	0.2222222222222222
57	0.0
58	0.0
59	0.2222222222222222
60	0.0
61	0.2222222222222222
62	1.1111111111111112
63	0.2222222222222222
64	0.0
65	2.0
66	0.0
67	0.2222222222222222
68	0.0
69	0.2222222222222222
70	0.0
71	1.5555555555555556
72	0.2222222222222222
73	1.7777777777777777
74	0.2222222222222222
75	0.4444444444444444
76	1.3333333333333333
77	0.2222222222222222
78	0.0
79	1.1111111111111112
80	1.1111111111111112
81	0.2222222222222222
82	0.2222222222222222
83	0.2222222222222222
84	0.8888888888888888
85	0.8888888888888888
86	0.0
87	0.0
88	1.3333333333333333
89	0.4444444444444444
90	1.1111111111111112
91	0.2222222222222222
92	0.4444444444444444
93	0.0
94	1.3333333333333333
95	0.2222222222222222
96	1.7777777777777777
97	0.2222222222222222
98	0.4444444444444444
99	0.2222222222222222
100	0.2222222222222222
101	0.4444444444444444
102	0.2222222222222222
103	1.5555555555555556
104	0.0
105	0.0
106	1.5555555555555556
107	1.3333333333333333
108	0.0
109	0.0
110	0.0
111	0.0
112	0.0
