1	0.0
2	0.0
3	0.2222222222222222
4	0.0
5	0.2222222222222222
6	0.0
7	0.0
8	0.2222222222222222
9	0.2222222222222222
10	0.2222222222222222
11	0.0
12	0.0
13	0.2222222222222222
14	0.2222222222222222
15	0.2222222222222222
16	0.0
17	0.2222222222222222
18	0.2222222222222222
19	0.2222222222222222
20	0.0
21	0.0
22	0.2222222222222222
23	0.0
24	0.2222222222222222
25	0.0
26	0.0
27	0.2222222222222222
28	0.8888888888888888
29	0.6666666666666666
30	1.3333333333333333
31	0.2222222222222222
32	1.3333333333333333
33	1.1111111111111112
34	0.4444444444444444
35	0.2222222222222222
36	0.2222222222222222
37	1.3333333333333333
38	0.2222222222222222
39	0.2222222222222222
40	1.5555555555555556
41	0.6666666666666666
42	0.2222222222222222
43	0.4444444444444444
44	0.2222222222222222
45	0.0
46	2.0
47	0.4444444444444444
48	0.0
49	0.2222222222222222
50	0.2222222222222222
51	1.3333333333333333
52	0.2222222222222222
53	1.1111111111111112
54	1.5555555555555556
55	0.4444444444444444
56	1.3333333333333333
57	0.0
58	0.0
59	0.2222222222222222
60	1.1111111111111112
61	0.0
62	0.4444444444444444
63	1.5555555555555556
64	0.2222222222222222
65	0.6666666666666666
66	0.2222222222222222
67	1.1111111111111112
68	0.2222222222222222
69	1.3333333333333333
70	0.2222222222222222
71	0.4444444444444444
72	0.2222222222222222
73	0.2222222222222222
74	0.4444444444444444
75	1.5555555555555556
76	0.4444444444444444
77	1.1111111111111112
78	0.0
79	0.0
80	1.3333333333333333
81	0.2222222222222222
82	1.3333333333333333
83	0.2222222222222222
84	1.1111111111111112
85	0.6666666666666666
86	0.0
87	0.0
88	0.4444444444444444
89	0.2222222222222222
90	0.0
91	0.4444444444444444
92	1.3333333333333333
93	0.2222222222222222
94	0.2222222222222222
95	0.2222222222222222
96	0.4444444444444444
97	0.0
98	0.4444444444444444
99	0.0
100	0.0
101	0.2222222222222222
102	0.0
103	0.4444444444444444
104	0.0
105	0.0
106	0.0
107	0.2222222222222222
108	0.0
109	0.0
110	0.0
111	0.0
112	0.0
