1	0.0
2	0.0
3	0.25
4	0.0
5	0.25
6	0.0
7	0.0
8	0.25
9	0.25
10	0.25
11	1.25
12	0.5
13	1.5
14	0.25
15	0.5
16	1.0
17	0.5
18	0.5
19	1.5
20	0.0
21	1.75
22	0.25
23	1.5
24	1.75
25	0.25
26	0.0
27	1.5
28	0.0
29	0.5
30	1.5
31	0.5
32	1.25
33	0.5
34	1.75
35	0.25
36	1.5
37	0.25
38	0.25
39	0.25
40	0.25
41	0.25
42	0.25
43	0.0
44	1.5
45	1.5
46	0.25
47	0.5
48	1.5
49	0.5
50	1.5
51	0.75
52	1.25
53	0.25
54	0.5
55	1.75
56	2.0
57	0.0
58	1.25
59	0.75
60	1.75
61	1.75
62	1.25
63	0.0
64	0.25
65	2.0
66	0.25
67	1.25
68	1.25
69	0.25
70	0.25
71	0.75
72	1.5
73	1.5
74	0.25
75	0.5
76	0.25
77	1.5
78	0.0
79	1.25
80	0.25
81	0.25
82	0.0
83	1.25
84	0.25
85	0.75
86	0.5
87	1.5
88	0.5
89	0.0
90	1.5
91	1.5
92	0.25
93	0.0
94	0.25
95	0.25
96	1.5
97	1.25
98	0.25
99	0.25
100	0.0
101	1.25
102	0.5
103	1.5
104	0.0
105	0.25
106	0.0
107	1.75
108	0.0
109	0.0
110	0.0
111	0.0
112	0.0
