1	0.0
2	0.0
3	0.25
4	0.0
5	0.25
6	0.0
7	0.0
8	0.25
9	0.25
10	0.25
11	0.0
12	0.25
13	1.5
14	0.25
15	0.75
16	1.0
17	0.5
18	1.5
19	0.25
20	0.0
21	0.0
22	1.75
23	0.5
24	0.25
25	1.25
26	0.0
27	1.5
28	0.0
29	1.75
30	0.0
31	0.25
32	0.25
33	1.5
34	0.75
35	0.25
36	0.25
37	0.5
38	1.75
39	0.25
40	1.5
41	0.25
42	0.5
43	1.5
44	1.5
45	0.0
46	0.5
47	1.25
48	1.75
49	0.25
50	0.0
51	0.5
52	0.5
53	1.25
54	0.25
55	0.5
56	2.0
57	0.25
58	1.5
59	0.25
60	0.25
61	0.25
62	0.25
63	1.25
64	0.0
65	0.75
66	0.0
67	0.25
68	0.25
69	1.5
70	0.25
71	1.75
72	0.5
73	1.5
74	0.25
75	0.75
76	1.5
77	0.0
78	1.75
79	0.0
80	0.25
81	1.5
82	0.25
83	0.0
84	1.25
85	0.75
86	0.0
87	0.25
88	0.5
89	1.25
90	0.25
91	0.5
92	0.75
93	1.0
94	0.5
95	1.75
96	0.25
97	0.25
98	1.25
99	0.0
100	0.5
101	0.25
102	0.0
103	0.5
104	0.0
105	0.0
106	0.0
107	0.25
108	0.0
109	0.0
110	0.0
111	0.0
112	0.0
