1	0.0
2	0.0
3	0.25
4	0.0
5	0.25
6	0.0
7	0.0
8	0.25
9	0.25
10	0.25
11	1.25
12	1.25
13	0.25
14	1.5
15	0.25
16	1.25
17	0.75
18	1.5
19	0.25
20	1.75
21	1.5
22	0.25
23	0.5
24	0.25
25	1.25
26	0.0
27	1.5
28	0.25
29	0.5
30	1.25
31	1.75
32	0.25
33	1.75
34	0.25
35	1.25
36	1.75
37	0.5
38	1.5
39	0.5
40	0.25
41	0.75
42	0.0
43	1.25
44	0.25
45	1.5
46	1.5
47	0.75
48	0.0
49	1.75
50	0.25
51	0.75
52	0.0
53	1.25
54	0.5
55	1.25
56	0.5
57	0.25
58	0.0
59	1.75
60	0.0
61	0.0
62	0.25
63	1.75
64	0.0
65	1.0
66	1.5
67	0.25
68	1.5
69	0.5
70	0.25
71	0.5
72	0.25
73	1.75
74	0.25
75	2.0
76	0.5
77	1.25
78	1.75
79	0.0
80	0.0
81	0.25
82	0.25
83	1.25
84	0.25
85	1.0
86	0.25
87	1.5
88	0.5
89	0.0
90	0.0
91	1.75
92	0.25
93	0.25
94	1.5
95	0.25
96	1.75
97	1.0
98	0.5
99	0.0
100	1.5
101	0.75
102	0.25
103	0.75
104	0.0
105	1.0
106	0.0
107	0.25
108	0.0
109	0.0
110	0.0
111	0.0
112	0.0
