1	0.0
2	0.0
3	0.2222222222222222
4	0.0
5	0.2222222222222222
6	0.0
7	0.0
8	0.2222222222222222
9	0.2222222222222222
10	0.2222222222222222
11	0.0
12	1.1111111111111112
13	0.2222222222222222
14	1.3333333333333333
15	0.6666666666666666
16	0.8888888888888888
17	0.4444444444444444
18	0.4444444444444444
19	1.3333333333333333
20	0.0
21	0.2222222222222222
22	1.5555555555555556
23	0.2222222222222222
24	0.2222222222222222
25	0.0
26	1.5555555555555556
27	1.7777777777777777
28	0.0
29	0.4444444444444444
30	0.0
31	0.6666666666666666
32	1.1111111111111112
33	0.6666666666666666
34	0.2222222222222222
35	0.4444444444444444
36	1.3333333333333333
37	0.2222222222222222
38	0.4444444444444444
39	1.5555555555555556
40	0.2222222222222222
41	0.4444444444444444
42	1.1111111111111112
43	0.2222222222222222
44	0.2222222222222222
45	1.3333333333333333
46	0.2222222222222222
47	1.3333333333333333
48	1.3333333333333333
49	0.4444444444444444
50	0.0
51	0.6666666666666666
52	0.0
53	0.2222222222222222
54	0.2222222222222222
55	0.0
56	1.5555555555555556
57	0.2222222222222222
58	1.3333333333333333
59	0.4444444444444444
60	0.0
61	0.0
62	1.3333333333333333
63	0.0
64	0.0
65	2.0
66	0.0
67	1.1111111111111112
68	1.1111111111111112
69	0.4444444444444444
70	0.2222222222222222
71	1.7777777777777777
72	0.0
73	0.2222222222222222
74	1.3333333333333333
75	0.4444444444444444
76	0.4444444444444444
77	1.1111111111111112
78	0.0
79	0.2222222222222222
80	1.3333333333333333
81	0.2222222222222222
82	1.3333333333333333
83	0.0
84	1.1111111111111112
85	0.4444444444444444
86	0.0
87	1.3333333333333333
88	1.1111111111111112
89	0.2222222222222222
90	0.0
91	0.4444444444444444
92	0.2222222222222222
93	0.8888888888888888
94	0.2222222222222222
95	1.5555555555555556
96	0.2222222222222222
97	0.8888888888888888
98	1.3333333333333333
99	0.0
100	0.0
101	0.2222222222222222
102	0.0
103	0.4444444444444444
104	0.0
105	0.0
106	1.1111111111111112
107	0.2222222222222222
108	0.0
109	0.0
110	0.0
111	0.0
112	0.0
