1	0.0
2	0.0
3	0.2857142857142857
4	0.0
5	0.2857142857142857
6	0.5714285714285714
7	0.0
8	0.5714285714285714
9	0.2857142857142857
10	1.7142857142857142
11	0.0
12	0.0
13	0.2857142857142857
14	0.8571428571428571
15	2.0
16	0.2857142857142857
17	1.4285714285714286
18	0.2857142857142857
19	0.5714285714285714
20	1.4285714285714286
21	0.2857142857142857
22	0.2857142857142857
23	1.7142857142857142
24	0.5714285714285714
25	0.0
26	0.2857142857142857
27	0.5714285714285714
28	0.0
29	0.5714285714285714
30	1.4285714285714286
31	0.2857142857142857
32	1.7142857142857142
33	0.2857142857142857
34	0.2857142857142857
35	0.5714285714285714
36	0.2857142857142857
37	2.0
38	0.5714285714285714
39	0.2857142857142857
40	0.2857142857142857
41	0.5714285714285714
42	1.7142857142857142
43	0.0
44	1.7142857142857142
45	0.5714285714285714
46	1.7142857142857142
47	0.5714285714285714
48	1.4285714285714286
49	0.2857142857142857
50	1.4285714285714286
51	0.8571428571428571
52	1.7142857142857142
53	0.0
54	0.2857142857142857
55	2.0
56	0.2857142857142857
57	0.0
58	0.0
59	0.2857142857142857
60	2.0
61	0.0
62	2.0
63	0.0
64	1.7142857142857142
65	0.8571428571428571
66	0.0
67	1.4285714285714286
68	0.5714285714285714
69	2.0
70	1.4285714285714286
71	0.5714285714285714
72	0.2857142857142857
73	0.2857142857142857
74	0.2857142857142857
75	2.0
76	0.2857142857142857
77	1.7142857142857142
78	0.0
79	0.0
80	0.0
81	0.5714285714285714
82	0.2857142857142857
83	1.4285714285714286
84	0.2857142857142857
85	2.0
86	0.2857142857142857
87	1.4285714285714286
88	0.2857142857142857
89	0.0
90	1.7142857142857142
91	0.5714285714285714
92	2.0
93	0.0
94	0.2857142857142857
95	0.2857142857142857
96	2.0
97	0.2857142857142857
98	1.4285714285714286
99	0.0
100	0.0
101	0.2857142857142857
102	0.0
103	0.5714285714285714
104	0.0
105	0.0
106	0.0
107	0.2857142857142857
108	0.0
109	0.0
110	0.0
111	0.0
112	0.0
