1	0.0
2	0.0
3	0.25
4	0.0
5	0.25
6	0.0
7	0.0
8	0.25
9	0.25
10	0.25
11	0.0
12	0.0
13	0.25
14	0.25
15	0.25
16	0.0
17	0.25
18	0.25
19	0.25
20	0.0
21	0.0
22	0.25
23	0.0
24	0.25
25	0.0
26	1.25
27	0.5
28	1.0
29	0.5
30	1.75
31	1.75
32	0.5
33	1.25
34	0.5
35	0.5
36	1.5
37	0.5
38	0.5
39	1.5
40	0.25
41	1.5
42	0.25
43	0.25
44	1.5
45	0.25
46	0.25
47	1.5
48	0.0
49	1.5
50	0.0
51	2.0
52	0.0
53	0.0
54	1.75
55	1.5
56	0.25
57	1.0
58	0.25
59	1.75
60	1.5
61	0.5
62	1.5
63	0.0
64	0.0
65	2.0
66	0.0
67	1.5
68	0.0
69	1.5
70	0.25
71	0.5
72	1.25
73	0.75
74	0.5
75	0.5
76	1.5
77	0.25
78	0.25
79	0.25
80	1.25
81	0.25
82	1.5
83	1.25
84	0.0
85	1.75
86	0.5
87	0.25
88	0.25
89	1.5
90	0.25
91	1.5
92	0.25
93	0.0
94	0.25
95	1.5
96	0.75
97	1.0
98	0.25
99	1.75
100	1.25
101	1.75
102	1.75
103	0.75
104	0.5
105	0.0
106	0.0
107	0.25
108	0.0
109	0.0
110	0.0
111	0.0
112	0.0
