1	0.0
2	0.0
3	0.25
4	0.0
5	0.25
6	0.0
7	0.0
8	0.25
9	0.25
10	0.25
11	0.0
12	0.0
13	1.75
14	1.75
15	1.25
16	0.0
17	1.75
18	0.75
19	0.5
20	0.0
21	0.25
22	0.25
23	1.25
24	0.5
25	0.0
26	1.25
27	0.25
28	0.0
29	0.5
30	1.5
31	0.25
32	0.5
33	1.75
34	0.5
35	1.25
36	0.75
37	1.75
38	0.25
39	0.5
40	1.75
41	0.25
42	1.75
43	0.0
44	0.25
45	0.25
46	0.25
47	0.25
48	0.25
49	1.75
50	1.25
51	1.0
52	1.25
53	0.0
54	2.0
55	0.25
56	0.75
57	1.0
58	0.5
59	0.25
60	1.75
61	0.25
62	0.25
63	0.25
64	1.25
65	0.75
66	1.25
67	0.25
68	0.25
69	1.5
70	0.0
71	0.75
72	0.0
73	1.75
74	0.5
75	1.75
76	0.25
77	0.25
78	1.5
79	0.0
80	1.25
81	0.25
82	1.5
83	0.25
84	0.0
85	1.75
86	1.75
87	0.25
88	1.5
89	0.25
90	0.5
91	1.25
92	2.0
93	0.0
94	0.75
95	0.5
96	1.5
97	0.0
98	0.5
99	0.0
100	0.25
101	1.25
102	0.0
103	0.5
104	1.5
105	0.0
106	0.0
107	0.25
108	0.25
109	0.0
110	0.0
111	0.0
112	0.0
