1	0.0
2	0.0
3	0.25
4	0.0
5	0.25
6	0.0
7	0.0
8	0.25
9	0.25
10	0.5
11	0.25
12	0.0
13	1.5
14	0.25
15	1.25
16	0.25
17	0.25
18	0.25
19	1.25
20	0.0
21	0.0
22	0.25
23	1.75
24	0.25
25	0.0
26	0.0
27	0.25
28	0.0
29	1.75
30	0.25
31	0.5
32	0.25
33	1.75
34	0.25
35	0.25
36	0.25
37	0.25
38	0.25
39	1.5
40	0.25
41	1.25
42	0.0
43	1.5
44	0.25
45	0.25
46	0.5
47	0.5
48	0.0
49	1.75
50	1.5
51	0.75
52	0.0
53	0.0
54	0.25
55	0.5
56	1.75
57	0.25
58	0.0
59	1.75
60	0.25
61	0.0
62	0.25
63	1.5
64	0.0
65	0.5
66	0.0
67	1.75
68	0.0
69	0.25
70	1.25
71	1.75
72	0.25
73	0.25
74	1.75
75	0.5
76	1.75
77	0.0
78	0.0
79	0.25
80	0.0
81	0.5
82	0.25
83	1.25
84	0.25
85	0.5
86	0.0
87	1.75
88	0.5
89	0.25
90	1.5
91	0.25
92	1.75
93	0.5
94	0.25
95	2.0
96	1.75
97	0.0
98	1.25
99	0.0
100	0.0
101	0.25
102	0.0
103	0.5
104	0.0
105	0.0
106	0.0
107	0.25
108	0.0
109	0.0
110	0.0
111	0.0
112	0.0
