1	0.0
2	0.0
3	0.2857142857142857
4	0.0
5	0.2857142857142857
6	0.0
7	0.0
8	0.2857142857142857
9	2.0
10	1.4285714285714286
11	0.0
12	0.0
13	0.2857142857142857
14	2.0
15	1.7142857142857142
16	0.2857142857142857
17	0.2857142857142857
18	0.2857142857142857
19	0.2857142857142857
20	0.0
21	1.7142857142857142
22	0.2857142857142857
23	0.0
24	2.0
25	0.0
26	0.0
27	0.2857142857142857
28	1.1428571428571428
29	0.5714285714285714
30	0.0
31	1.7142857142857142
32	0.5714285714285714
33	0.8571428571428571
34	1.7142857142857142
35	2.0
36	0.2857142857142857
37	0.2857142857142857
38	0.5714285714285714
39	0.2857142857142857
40	1.7142857142857142
41	0.5714285714285714
42	0.2857142857142857
43	1.7142857142857142
44	0.2857142857142857
45	0.2857142857142857
46	2.0
47	1.7142857142857142
48	0.2857142857142857
49	0.8571428571428571
50	1.4285714285714286
51	0.8571428571428571
52	0.0
53	1.4285714285714286
54	0.5714285714285714
55	0.0
56	0.5714285714285714
57	1.4285714285714286
58	0.0
59	0.2857142857142857
60	1.7142857142857142
61	0.0
62	1.7142857142857142
63	0.0
64	0.0
65	0.8571428571428571
66	1.4285714285714286
67	0.2857142857142857
68	0.0
69	0.2857142857142857
70	0.2857142857142857
71	0.5714285714285714
72	0.2857142857142857
73	1.7142857142857142
74	0.2857142857142857
75	0.5714285714285714
76	0.2857142857142857
77	1.7142857142857142
78	0.0
79	1.7142857142857142
80	0.5714285714285714
81	0.2857142857142857
82	0.0
83	1.4285714285714286
84	0.0
85	0.5714285714285714
86	0.2857142857142857
87	0.2857142857142857
88	0.2857142857142857
89	0.2857142857142857
90	0.5714285714285714
91	0.2857142857142857
92	2.0
93	0.2857142857142857
94	0.5714285714285714
95	0.2857142857142857
96	0.2857142857142857
97	1.1428571428571428
98	0.2857142857142857
99	0.2857142857142857
100	1.4285714285714286
101	0.5714285714285714
102	1.7142857142857142
103	0.8571428571428571
104	0.2857142857142857
105	0.5714285714285714
106	1.7142857142857142
107	0.5714285714285714
108	0.0
109	0.0
110	0.0
111	0.0
112	0.0
