1	0.0
2	0.0
3	0.25
4	0.0
5	0.25
6	0.0
7	0.0
8	0.25
9	0.25
10	0.25
11	0.25
12	1.5
13	0.25
14	0.25
15	1.75
16	0.25
17	0.5
18	0.5
19	1.25
20	0.5
21	1.5
22	0.25
23	0.0
24	2.0
25	0.0
26	0.0
27	0.25
28	0.25
29	0.25
30	1.5
31	0.25
32	0.5
33	0.5
34	1.5
35	0.5
36	1.25
37	0.25
38	0.25
39	1.5
40	0.75
41	0.25
42	1.5
43	1.25
44	0.25
45	0.0
46	1.5
47	0.5
48	0.0
49	2.0
50	0.25
51	1.0
52	1.5
53	1.5
54	0.5
55	0.0
56	0.25
57	1.25
58	0.0
59	0.25
60	0.0
61	0.25
62	1.5
63	1.5
64	0.0
65	0.75
66	1.25
67	0.25
68	0.0
69	0.25
70	0.25
71	1.75
72	1.75
73	0.5
74	1.5
75	1.75
76	0.5
77	1.5
78	0.0
79	0.25
80	1.25
81	0.25
82	1.5
83	0.5
84	1.0
85	1.0
86	0.0
87	0.0
88	1.5
89	0.0
90	1.75
91	0.5
92	1.75
93	0.25
94	1.5
95	0.5
96	0.5
97	1.0
98	1.25
99	0.5
100	0.0
101	1.5
102	0.0
103	1.75
104	0.0
105	0.25
106	1.5
107	0.25
108	0.0
109	0.0
110	0.0
111	0.0
112	0.0
