1	0.0
2	0.0
3	0.25
4	0.0
5	0.25
6	0.0
7	0.0
8	0.25
9	0.25
10	0.25
11	0.0
12	0.0
13	0.25
14	0.25
15	0.25
16	0.0
17	0.25
18	0.25
19	0.25
20	0.0
21	0.0
22	0.25
23	0.0
24	0.25
25	0.0
26	0.0
27	0.25
28	0.0
29	0.25
30	0.0
31	0.25
32	0.75
33	0.25
34	0.25
35	1.5
36	0.25
37	1.75
38	0.5
39	1.5
40	0.25
41	0.25
42	1.5
43	0.25
44	0.25
45	1.5
46	0.5
47	0.25
48	0.0
49	0.25
50	0.0
51	2.0
52	0.25
53	0.25
54	0.5
55	1.25
56	0.5
57	0.0
58	0.0
59	0.25
60	0.0
61	1.25
62	0.25
63	0.5
64	1.25
65	1.75
66	0.25
67	1.25
68	1.5
69	1.5
70	0.25
71	0.5
72	0.5
73	1.5
74	0.0
75	0.5
76	0.25
77	0.0
78	0.0
79	0.25
80	0.25
81	0.25
82	1.5
83	1.25
84	0.25
85	0.5
86	1.25
87	0.0
88	0.25
89	1.5
90	1.5
91	0.25
92	1.5
93	0.25
94	0.5
95	0.25
96	1.75
97	0.0
98	0.25
99	1.5
100	0.0
101	0.25
102	0.0
103	0.5
104	0.0
105	0.0
106	0.0
107	0.25
108	0.0
109	0.0
110	0.0
111	0.0
112	0.0
