1	0.0
2	0.0
3	0.25
4	0.0
5	0.25
6	0.0
7	0.0
8	0.25
9	0.25
10	0.25
11	1.25
12	0.0
13	1.75
14	0.25
15	0.25
16	1.25
17	0.25
18	0.5
19	1.75
20	0.25
21	1.5
22	0.25
23	1.5
24	0.25
25	0.0
26	0.5
27	0.25
28	0.0
29	0.5
30	0.0
31	0.25
32	0.75
33	0.25
34	2.0
35	0.5
36	0.25
37	1.5
38	0.75
39	0.0
40	0.25
41	1.25
42	0.0
43	0.0
44	1.75
45	0.0
46	0.25
47	0.25
48	1.25
49	0.5
50	1.5
51	1.5
52	0.25
53	1.5
54	0.25
55	1.5
56	0.5
57	0.25
58	1.5
59	0.25
60	1.5
61	0.0
62	1.5
63	0.0
64	1.5
65	0.5
66	1.5
67	0.5
68	0.0
69	1.5
70	0.25
71	1.75
72	0.0
73	0.25
74	1.75
75	0.75
76	0.25
77	0.25
78	0.0
79	1.25
80	1.5
81	0.5
82	1.5
83	0.0
84	0.5
85	0.75
86	0.0
87	1.25
88	0.5
89	0.25
90	1.25
91	0.25
92	0.5
93	0.0
94	0.5
95	0.25
96	0.25
97	1.5
98	1.5
99	0.25
100	0.25
101	1.75
102	0.25
103	0.75
104	1.5
105	0.0
106	0.0
107	0.25
108	0.0
109	0.0
110	0.0
111	0.0
112	0.0
