1	0.0
2	0.0
3	0.25
4	0.0
5	0.25
6	1.25
7	0.25
8	2.0
9	0.25
10	1.25
11	1.5
12	0.0
13	0.5
14	0.25
15	0.5
16	0.0
17	1.5
18	0.25
19	0.25
20	0.0
21	1.5
22	0.25
23	0.0
24	0.25
25	0.0
26	0.0
27	1.75
28	0.0
29	0.5
30	1.75
31	0.25
32	0.25
33	0.25
34	1.75
35	0.5
36	0.5
37	1.5
38	0.25
39	1.25
40	0.5
41	0.25
42	0.0
43	0.0
44	1.5
45	0.0
46	1.75
47	0.25
48	1.25
49	0.25
50	1.25
51	0.5
52	0.0
53	0.0
54	1.5
55	0.0
56	0.25
57	1.0
58	0.0
59	0.25
60	0.0
61	0.0
62	0.5
63	1.5
64	0.25
65	1.75
66	0.0
67	0.25
68	0.25
69	0.25
70	0.0
71	0.5
72	0.25
73	0.25
74	0.0
75	0.75
76	0.25
77	0.0
78	0.0
79	0.0
80	0.0
81	0.25
82	0.0
83	0.0
84	0.0
85	0.75
86	0.0
87	0.0
88	0.25
89	0.0
90	0.0
91	0.25
92	0.25
93	0.0
94	1.75
95	0.25
96	0.25
97	0.0
98	0.25
99	0.0
100	0.0
101	0.25
102	0.0
103	0.5
104	0.0
105	0.0
106	0.0
107	0.25
108	0.0
109	0.0
110	0.0
111	0.0
112	0.0
