1	0.0
2	0.0
3	0.2222222222222222
4	0.0
5	0.2222222222222222
6	0.0
7	0.0
8	0.2222222222222222
9	0.2222222222222222
10	0.2222222222222222
11	1.1111111111111112
12	0.0
13	1.3333333333333333
14	0.6666666666666666
15	0.6666666666666666
16	0.0
17	0.4444444444444444
18	1.3333333333333333
19	0.6666666666666666
20	0.0
21	0.2222222222222222
22	1.7777777777777777
23	0.2222222222222222
24	0.2222222222222222
25	1.1111111111111112
26	0.2222222222222222
27	0.4444444444444444
28	1.3333333333333333
29	0.2222222222222222
30	0.0
31	1.3333333333333333
32	0.2222222222222222
33	1.5555555555555556
34	0.2222222222222222
35	0.2222222222222222
36	0.2222222222222222
37	0.4444444444444444
38	1.5555555555555556
39	0.2222222222222222
40	0.2222222222222222
41	1.3333333333333333
42	0.0
43	1.3333333333333333
44	1.7777777777777777
45	0.0
46	0.2222222222222222
47	0.2222222222222222
48	0.0
49	0.6666666666666666
50	1.3333333333333333
51	0.6666666666666666
52	1.1111111111111112
53	1.3333333333333333
54	1.5555555555555556
55	0.2222222222222222
56	0.2222222222222222
57	0.0
58	1.3333333333333333
59	0.2222222222222222
60	1.1111111111111112
61	0.4444444444444444
62	1.1111111111111112
63	0.0
64	0.2222222222222222
65	2.0
66	0.0
67	0.4444444444444444
68	0.2222222222222222
69	1.3333333333333333
70	0.2222222222222222
71	1.5555555555555556
72	1.3333333333333333
73	0.2222222222222222
74	0.4444444444444444
75	1.5555555555555556
76	0.2222222222222222
77	0.2222222222222222
78	1.1111111111111112
79	0.0
80	1.3333333333333333
81	0.2222222222222222
82	0.4444444444444444
83	1.1111111111111112
84	0.0
85	1.5555555555555556
86	0.2222222222222222
87	0.0
88	1.5555555555555556
89	0.2222222222222222
90	0.2222222222222222
91	0.2222222222222222
92	0.6666666666666666
93	0.0
94	0.2222222222222222
95	0.2222222222222222
96	0.2222222222222222
97	0.0
98	1.1111111111111112
99	0.0
100	1.1111111111111112
101	0.4444444444444444
102	0.2222222222222222
103	1.5555555555555556
104	0.0
105	1.1111111111111112
106	1.1111111111111112
107	0.4444444444444444
108	0.0
109	0.0
110	0.0
111	0.0
112	0.0
