1	0.0
2	0.0
3	0.25
4	0.0
5	0.25
6	0.0
7	0.0
8	0.25
9	0.25
10	0.25
11	0.0
12	0.25
13	0.5
14	1.75
15	1.25
16	0.5
17	1.5
18	0.5
19	1.5
20	0.0
21	1.25
22	0.5
23	0.25
24	1.75
25	0.0
26	0.0
27	1.5
28	0.25
29	1.75
30	0.0
31	0.5
32	0.75
33	0.25
34	0.25
35	0.5
36	0.5
37	2.0
38	1.5
39	0.0
40	1.5
41	0.5
42	0.25
43	0.25
44	1.5
45	0.0
46	1.5
47	0.5
48	0.25
49	1.5
50	0.0
51	0.5
52	1.25
53	0.25
54	0.25
55	1.5
56	0.25
57	1.25
58	0.0
59	0.25
60	1.5
61	1.75
62	0.25
63	1.5
64	0.0
65	1.75
66	0.25
67	0.75
68	1.25
69	0.25
70	0.0
71	0.5
72	0.0
73	0.25
74	1.75
75	0.5
76	1.5
77	0.25
78	0.0
79	1.75
80	0.0
81	0.25
82	0.0
83	0.25
84	1.5
85	1.0
86	0.0
87	1.25
88	0.5
89	1.5
90	0.0
91	0.25
92	1.75
93	0.25
94	0.25
95	2.0
96	0.25
97	1.25
98	0.5
99	0.0
100	1.25
101	0.25
102	0.0
103	0.5
104	0.0
105	0.0
106	0.0
107	0.25
108	0.0
109	0.0
110	0.0
111	0.0
112	0.0
