1	0.0
2	0.0
3	0.25
4	0.0
5	0.25
6	0.0
7	0.0
8	0.25
9	0.25
10	0.25
11	1.25
12	0.0
13	0.25
14	1.5
15	0.75
16	0.0
17	1.5
18	0.25
19	0.5
20	1.25
21	0.25
22	0.25
23	0.25
24	0.5
25	0.0
26	1.75
27	0.75
28	0.0
29	1.75
30	0.0
31	0.25
32	1.25
33	0.75
34	0.5
35	1.25
36	0.5
37	0.25
38	1.5
39	0.0
40	1.5
41	0.5
42	1.25
43	1.5
44	1.5
45	0.5
46	1.5
47	0.5
48	0.0
49	1.75
50	1.25
51	0.75
52	0.0
53	0.0
54	1.75
55	0.5
56	1.5
57	0.0
58	0.0
59	0.25
60	0.0
61	1.25
62	0.25
63	1.5
64	1.5
65	1.0
66	1.25
67	1.5
68	0.25
69	0.25
70	1.25
71	0.5
72	1.5
73	1.5
74	0.5
75	2.0
76	0.5
77	1.25
78	0.0
79	1.5
80	0.0
81	1.75
82	0.25
83	0.0
84	1.25
85	1.0
86	0.0
87	0.0
88	1.5
89	0.0
90	1.75
91	0.5
92	2.0
93	0.0
94	0.25
95	1.75
96	0.75
97	0.0
98	0.25
99	0.25
100	0.0
101	0.5
102	0.25
103	1.5
104	0.0
105	1.25
106	0.25
107	0.5
108	0.0
109	0.0
110	0.0
111	0.0
112	0.0
