1	0.0
2	0.0
3	0.2857142857142857
4	0.0
5	0.2857142857142857
6	0.0
7	0.0
8	0.2857142857142857
9	0.2857142857142857
10	0.5714285714285714
11	0.0
12	1.7142857142857142
13	0.2857142857142857
14	0.2857142857142857
15	0.2857142857142857
16	0.0
17	2.0
18	0.2857142857142857
19	1.7142857142857142
20	0.0
21	0.2857142857142857
22	0.2857142857142857
23	0.2857142857142857
24	0.8571428571428571
25	0.0
26	0.2857142857142857
27	1.7142857142857142
28	0.0
29	2.0
30	0.0
31	0.2857142857142857
32	1.7142857142857142
33	0.2857142857142857
34	0.2857142857142857
35	0.2857142857142857
36	0.5714285714285714
37	2.0
38	0.2857142857142857
39	0.2857142857142857
40	0.2857142857142857
41	0.8571428571428571
42	1.7142857142857142
43	0.0
44	1.7142857142857142
45	1.7142857142857142
46	0.2857142857142857
47	1.7142857142857142
48	0.2857142857142857
49	2.0
50	0.0
51	0.8571428571428571
52	1.4285714285714286
53	0.2857142857142857
54	0.2857142857142857
55	1.4285714285714286
56	0.2857142857142857
57	0.2857142857142857
58	0.0
59	0.2857142857142857
60	1.4285714285714286
61	0.5714285714285714
62	0.2857142857142857
63	1.4285714285714286
64	0.0
65	0.8571428571428571
66	1.4285714285714286
67	0.5714285714285714
68	1.4285714285714286
69	0.2857142857142857
70	1.4285714285714286
71	0.8571428571428571
72	1.7142857142857142
73	0.5714285714285714
74	0.2857142857142857
75	0.5714285714285714
76	0.2857142857142857
77	1.7142857142857142
78	0.2857142857142857
79	0.0
80	0.0
81	0.5714285714285714
82	0.0
83	0.0
84	0.0
85	0.5714285714285714
86	0.2857142857142857
87	2.0
88	0.5714285714285714
89	0.2857142857142857
90	0.5714285714285714
91	1.4285714285714286
92	0.2857142857142857
93	1.1428571428571428
94	0.5714285714285714
95	0.2857142857142857
96	0.2857142857142857
97	0.2857142857142857
98	0.2857142857142857
99	0.0
100	0.0
101	0.2857142857142857
102	0.0
103	0.5714285714285714
104	0.0
105	0.0
106	0.0
107	1.7142857142857142
108	0.0
109	0.0
110	0.0
111	0.0
112	0.0
