1	0.0
2	0.0
3	0.25
4	0.0
5	0.25
6	0.0
7	0.0
8	0.25
9	0.25
10	0.25
11	0.0
12	1.25
13	0.25
14	2.0
15	0.25
16	0.0
17	0.5
18	0.25
19	0.25
20	0.25
21	1.5
22	0.5
23	0.0
24	2.0
25	0.0
26	1.75
27	0.25
28	0.0
29	0.25
30	1.25
31	0.75
32	1.5
33	0.5
34	0.25
35	0.5
36	0.25
37	0.25
38	1.75
39	0.25
40	1.5
41	0.25
42	0.25
43	1.5
44	1.75
45	0.0
46	0.25
47	1.5
48	0.0
49	0.25
50	1.5
51	1.0
52	0.0
53	0.0
54	1.5
55	0.5
56	0.25
57	1.0
58	0.25
59	0.25
60	1.5
61	0.25
62	1.25
63	0.25
64	1.25
65	0.75
66	0.0
67	0.25
68	1.25
69	0.25
70	0.0
71	0.5
72	1.25
73	0.25
74	0.0
75	0.5
76	0.25
77	0.0
78	0.0
79	1.5
80	0.0
81	1.5
82	0.25
83	0.0
84	0.0
85	1.75
86	0.0
87	1.75
88	0.5
89	0.25
90	1.25
91	0.75
92	1.5
93	1.0
94	0.25
95	0.5
96	0.25
97	0.25
98	0.75
99	0.25
100	0.0
101	1.5
102	0.25
103	1.75
104	0.25
105	0.0
106	1.25
107	0.25
108	0.0
109	0.0
110	0.0
111	0.0
112	0.0
