1	0.0
2	0.0
3	0.25
4	0.0
5	0.25
6	0.0
7	0.0
8	0.25
9	0.25
10	0.25
11	0.25
12	0.0
13	0.5
14	1.75
15	0.25
16	0.25
17	0.5
18	0.25
19	0.25
20	1.25
21	0.25
22	0.25
23	0.0
24	0.5
25	0.0
26	0.0
27	0.25
28	1.0
29	0.25
30	0.0
31	2.0
32	0.75
33	0.25
34	1.75
35	0.5
36	0.25
37	0.5
38	1.5
39	0.25
40	0.25
41	0.25
42	1.5
43	0.0
44	0.25
45	0.25
46	1.5
47	0.25
48	0.5
49	0.25
50	1.75
51	0.5
52	0.0
53	1.5
54	0.25
55	1.5
56	0.25
57	1.0
58	0.0
59	0.5
60	1.5
61	0.25
62	0.25
63	0.0
64	0.25
65	0.75
66	0.0
67	0.5
68	0.0
69	0.75
70	0.0
71	0.5
72	0.0
73	0.25
74	0.0
75	0.5
76	0.25
77	0.0
78	0.0
79	0.0
80	0.25
81	2.0
82	0.25
83	0.0
84	0.0
85	1.75
86	0.25
87	1.75
88	0.25
89	1.25
90	1.25
91	0.25
92	0.25
93	0.0
94	0.25
95	0.25
96	0.25
97	0.0
98	0.25
99	0.0
100	0.0
101	0.25
102	0.0
103	0.5
104	0.0
105	0.0
106	0.0
107	0.25
108	0.0
109	0.0
110	0.0
111	0.0
112	0.0
