1	0.0
2	0.0
3	0.25
4	0.0
5	0.25
6	0.0
7	0.0
8	0.25
9	0.25
10	0.25
11	0.25
12	0.0
13	0.25
14	0.25
15	1.25
16	0.0
17	0.5
18	0.5
19	0.25
20	0.0
21	0.5
22	0.25
23	1.25
24	0.5
25	0.0
26	1.5
27	0.25
28	1.0
29	0.5
30	1.5
31	0.25
32	0.5
33	1.5
34	1.5
35	0.5
36	1.5
37	0.5
38	2.0
39	0.0
40	0.5
41	1.25
42	0.0
43	1.5
44	0.25
45	0.5
46	2.0
47	0.25
48	0.0
49	0.25
50	0.0
51	1.5
52	1.5
53	0.0
54	1.5
55	1.5
56	0.25
57	0.25
58	0.25
59	0.25
60	0.0
61	1.25
62	0.5
63	0.0
64	1.5
65	0.5
66	1.25
67	1.75
68	0.0
69	0.75
70	1.5
71	0.5
72	0.0
73	0.25
74	0.0
75	0.5
76	0.25
77	0.0
78	0.0
79	0.0
80	0.0
81	0.25
82	1.25
83	1.25
84	0.25
85	2.0
86	0.0
87	1.5
88	0.5
89	0.0
90	0.25
91	0.25
92	1.75
93	0.0
94	1.5
95	0.75
96	0.25
97	1.25
98	0.5
99	0.0
100	0.0
101	0.25
102	0.0
103	0.5
104	0.0
105	0.0
106	0.0
107	0.25
108	0.0
109	0.0
110	0.0
111	0.0
112	0.0
