1	0.0
2	0.0
3	0.25
4	0.0
5	0.25
6	0.0
7	0.0
8	0.25
9	0.25
10	0.5
11	1.0
12	0.25
13	0.25
14	0.5
15	0.25
16	0.0
17	1.5
18	0.25
19	1.5
20	0.0
21	0.25
22	0.5
23	0.0
24	1.5
25	0.25
26	0.5
27	0.25
28	1.0
29	0.5
30	0.0
31	1.5
32	0.25
33	0.5
34	0.25
35	1.5
36	0.25
37	0.5
38	1.75
39	0.25
40	1.75
41	0.25
42	0.25
43	1.75
44	1.75
45	0.0
46	0.75
47	1.25
48	0.0
49	1.5
50	0.25
51	0.5
52	0.25
53	0.25
54	0.5
55	0.0
56	0.75
57	1.0
58	0.25
59	1.75
60	0.0
61	1.25
62	0.25
63	0.0
64	1.25
65	0.75
66	0.0
67	1.25
68	1.5
69	0.25
70	0.25
71	0.5
72	1.5
73	0.25
74	0.5
75	0.5
76	2.0
77	0.0
78	1.25
79	0.25
80	0.0
81	1.5
82	0.25
83	1.25
84	0.25
85	0.75
86	1.5
87	0.25
88	1.25
89	0.0
90	0.0
91	1.75
92	0.5
93	1.0
94	0.25
95	1.75
96	0.5
97	1.0
98	0.25
99	0.5
100	0.0
101	0.5
102	0.25
103	0.5
104	0.0
105	0.0
106	1.25
107	0.25
108	0.0
109	0.0
110	0.0
111	0.0
112	0.0
