1	0.0
2	0.0
3	0.25
4	0.0
5	0.25
6	0.0
7	0.0
8	0.25
9	0.25
10	0.25
11	1.25
12	1.25
13	0.25
14	1.5
15	0.75
16	0.0
17	1.5
18	1.75
19	0.5
20	0.0
21	1.5
22	1.5
23	0.0
24	1.75
25	0.5
26	0.0
27	1.5
28	0.25
29	0.5
30	1.25
31	1.75
32	0.25
33	1.5
34	0.5
35	0.5
36	1.25
37	1.75
38	0.25
39	0.0
40	0.25
41	0.5
42	0.25
43	1.5
44	0.25
45	0.5
46	1.75
47	0.25
48	0.0
49	0.25
50	0.0
51	1.5
52	0.0
53	1.5
54	0.25
55	0.5
56	1.5
57	0.0
58	0.25
59	1.75
60	0.25
61	1.5
62	0.25
63	1.75
64	1.25
65	1.0
66	1.25
67	0.25
68	0.0
69	1.5
70	0.25
71	1.75
72	0.5
73	1.5
74	0.25
75	0.5
76	0.25
77	0.25
78	0.0
79	1.25
80	0.25
81	0.25
82	1.5
83	1.25
84	0.0
85	2.0
86	0.0
87	1.5
88	0.5
89	1.25
90	0.0
91	1.75
92	0.25
93	0.25
94	0.25
95	1.75
96	1.75
97	0.0
98	1.25
99	0.25
100	1.5
101	0.25
102	1.5
103	0.75
104	0.25
105	0.25
106	1.5
107	1.5
108	1.0
109	0.0
110	0.0
111	0.0
112	0.0
