1	0.0
2	0.0
3	0.25
4	0.0
5	0.25
6	0.0
7	0.0
8	0.25
9	0.25
10	0.25
11	1.25
12	0.25
13	1.75
14	0.5
15	1.25
16	0.0
17	1.5
18	0.25
19	0.25
20	0.0
21	1.5
22	0.25
23	0.25
24	0.25
25	0.0
26	1.5
27	0.25
28	1.25
29	0.5
30	1.25
31	0.25
32	0.5
33	1.5
34	0.5
35	1.75
36	0.25
37	0.25
38	1.75
39	0.0
40	1.75
41	0.25
42	1.5
43	0.0
44	1.75
45	0.25
46	0.25
47	1.5
48	0.25
49	1.5
50	0.0
51	1.5
52	1.5
53	0.0
54	1.75
55	0.0
56	0.25
57	0.25
58	1.25
59	0.25
60	1.5
61	0.25
62	0.25
63	1.5
64	0.25
65	1.75
66	0.0
67	0.75
68	1.0
69	1.5
70	0.0
71	2.0
72	0.25
73	0.25
74	0.0
75	0.5
76	0.25
77	0.0
78	0.0
79	0.0
80	0.0
81	0.25
82	0.0
83	0.0
84	0.0
85	0.5
86	0.0
87	0.0
88	0.25
89	0.25
90	0.0
91	0.25
92	1.75
93	1.0
94	0.5
95	0.5
96	0.5
97	1.5
98	0.25
99	0.5
100	0.0
101	0.25
102	0.0
103	0.5
104	0.0
105	0.0
106	0.0
107	0.5
108	0.0
109	0.0
110	0.0
111	0.0
112	0.0
