1	0.0
2	0.0
3	0.25
4	0.0
5	0.25
6	0.0
7	0.0
8	0.25
9	0.25
10	0.25
11	0.5
12	0.25
13	1.75
14	0.5
15	1.75
16	0.0
17	1.5
18	0.25
19	0.25
20	0.25
21	0.0
22	1.5
23	0.0
24	1.75
25	0.0
26	1.75
27	1.75
28	0.25
29	0.5
30	0.0
31	2.0
32	0.25
33	1.5
34	0.5
35	1.5
36	0.25
37	0.25
38	0.25
39	0.0
40	1.5
41	0.5
42	0.0
43	1.5
44	1.75
45	1.5
46	1.5
47	0.5
48	0.25
49	1.75
50	1.75
51	0.75
52	1.25
53	0.0
54	1.5
55	0.25
56	2.0
57	0.0
58	0.0
59	0.5
60	1.5
61	0.0
62	1.25
63	0.0
64	0.0
65	2.0
66	0.0
67	0.25
68	0.0
69	0.25
70	1.0
71	1.0
72	1.5
73	1.75
74	0.0
75	0.5
76	1.5
77	0.0
78	1.5
79	0.25
80	0.25
81	0.25
82	1.5
83	0.0
84	1.0
85	0.5
86	1.5
87	0.25
88	1.25
89	0.5
90	1.25
91	0.5
92	0.75
93	1.0
94	0.5
95	1.5
96	0.5
97	0.0
98	1.25
99	1.5
100	0.0
101	1.5
102	1.75
103	0.5
104	1.75
105	0.25
106	1.25
107	0.25
108	0.0
109	0.0
110	0.0
111	0.0
112	0.0
