1	0.0
2	0.0
3	0.25
4	0.0
5	0.25
6	0.0
7	0.0
8	0.25
9	0.25
10	0.25
11	0.25
12	1.25
13	0.25
14	0.25
15	1.5
16	0.0
17	0.75
18	1.5
19	0.25
20	0.25
21	1.5
22	0.5
23	0.25
24	1.75
25	0.25
26	0.0
27	1.5
28	0.25
29	0.25
30	0.0
31	1.5
32	0.75
33	1.25
34	1.5
35	0.5
36	0.25
37	0.25
38	0.75
39	1.5
40	0.25
41	0.25
42	1.5
43	0.0
44	0.5
45	1.25
46	0.25
47	0.25
48	0.0
49	2.0
50	0.0
51	0.5
52	1.25
53	0.25
54	0.5
55	0.0
56	1.5
57	1.25
58	0.0
59	1.5
60	0.0
61	0.25
62	1.5
63	1.5
64	0.0
65	2.0
66	0.0
67	0.5
68	0.25
69	1.5
70	0.25
71	0.5
72	0.0
73	0.5
74	0.25
75	1.75
76	2.0
77	0.25
78	0.0
79	1.5
80	0.0
81	1.5
82	0.25
83	1.5
84	0.0
85	0.5
86	0.25
87	1.25
88	0.5
89	1.25
90	0.5
91	1.5
92	2.0
93	0.0
94	1.75
95	1.75
96	0.5
97	1.0
98	0.5
99	1.25
100	0.25
101	1.5
102	0.0
103	1.75
104	0.0
105	0.25
106	1.75
107	1.75
108	0.0
109	0.0
110	0.0
111	0.0
112	0.0
