1	0.0
2	0.0
3	0.25
4	0.0
5	0.25
6	0.0
7	0.0
8	0.25
9	0.25
10	0.25
11	1.0
12	1.0
13	0.25
14	1.5
15	1.5
16	0.0
17	0.75
18	0.25
19	0.25
20	0.0
21	0.25
22	0.5
23	0.0
24	0.25
25	0.0
26	0.25
27	1.5
28	0.0
29	0.5
30	1.5
31	0.5
32	1.75
33	0.25
34	0.5
35	0.25
36	1.5
37	0.25
38	0.5
39	0.0
40	1.5
41	0.25
42	0.0
43	1.5
44	0.25
45	1.75
46	0.5
47	0.25
48	0.5
49	1.5
50	0.0
51	0.75
52	1.25
53	0.25
54	0.25
55	0.0
56	0.25
57	1.5
58	0.25
59	1.75
60	0.0
61	1.5
62	0.25
63	0.25
64	0.0
65	2.0
66	0.5
67	1.5
68	0.5
69	0.25
70	1.25
71	0.5
72	0.5
73	1.5
74	1.5
75	0.5
76	1.75
77	1.25
78	0.0
79	1.25
80	0.25
81	0.25
82	0.25
83	0.0
84	0.25
85	0.75
86	1.5
87	0.25
88	1.5
89	1.25
90	0.0
91	0.5
92	1.75
93	0.0
94	0.25
95	0.25
96	0.5
97	0.25
98	0.25
99	1.25
100	0.0
101	0.25
102	0.0
103	0.5
104	0.0
105	0.0
106	0.0
107	0.25
108	0.0
109	0.0
110	0.0
111	0.0
112	0.0
