1	0.0
2	0.0
3	0.25
4	0.0
5	0.25
6	0.0
7	0.0
8	0.25
9	0.25
10	1.5
11	0.0
12	0.0
13	0.25
14	0.25
15	0.25
16	0.0
17	0.5
18	0.25
19	0.5
20	0.0
21	0.0
22	1.5
23	1.5
24	0.5
25	0.0
26	0.0
27	0.25
28	1.0
29	0.5
30	0.0
31	0.25
32	1.5
33	0.25
34	1.5
35	0.5
36	0.25
37	1.75
38	0.25
39	0.0
40	0.25
41	0.25
42	0.25
43	0.0
44	0.5
45	0.0
46	1.5
47	0.25
48	0.0
49	0.5
50	1.25
51	0.5
52	0.0
53	0.25
54	0.5
55	0.25
56	0.25
57	0.25
58	1.5
59	0.25
60	0.0
61	0.0
62	1.5
63	0.0
64	0.0
65	0.75
66	1.5
67	1.5
68	0.0
69	1.75
70	0.0
71	1.75
72	0.25
73	0.25
74	0.25
75	0.5
76	2.0
77	0.25
78	0.0
79	0.0
80	0.0
81	0.25
82	0.0
83	0.0
84	1.25
85	0.5
86	0.0
87	1.5
88	0.75
89	0.0
90	0.25
91	0.25
92	0.5
93	1.25
94	1.75
95	0.25
96	0.5
97	0.25
98	1.5
99	0.0
100	1.5
101	0.75
102	0.0
103	0.5
104	0.25
105	1.0
106	0.5
107	0.25
108	0.0
109	0.0
110	0.0
111	0.0
112	0.0
