1	0.0
2	0.0
3	0.25
4	0.0
5	0.25
6	0.0
7	0.0
8	0.25
9	0.25
10	1.25
11	0.0
12	0.0
13	0.25
14	0.25
15	1.5
16	0.0
17	0.75
18	0.75
19	1.25
20	0.0
21	0.25
22	1.5
23	0.0
24	1.75
25	0.0
26	0.25
27	1.75
28	0.25
29	2.0
30	0.0
31	1.75
32	0.75
33	0.25
34	0.5
35	0.25
36	0.25
37	0.25
38	0.25
39	0.5
40	1.75
41	0.25
42	0.25
43	1.5
44	1.75
45	0.25
46	0.5
47	1.25
48	0.25
49	0.5
50	1.25
51	0.5
52	1.25
53	0.0
54	0.25
55	1.75
56	0.25
57	1.25
58	1.5
59	0.5
60	0.0
61	0.0
62	1.5
63	0.0
64	0.0
65	1.0
66	1.25
67	0.25
68	0.25
69	0.25
70	0.0
71	0.5
72	1.25
73	0.75
74	0.5
75	2.0
76	0.25
77	1.25
78	0.0
79	0.25
80	0.0
81	0.25
82	0.0
83	0.25
84	0.0
85	0.5
86	0.25
87	0.0
88	1.25
89	1.5
90	0.25
91	0.25
92	1.75
93	1.25
94	0.5
95	0.25
96	1.5
97	0.25
98	0.5
99	0.0
100	0.0
101	1.5
102	0.0
103	1.0
104	0.0
105	0.0
106	1.25
107	0.25
108	0.0
109	0.0
110	0.0
111	0.0
112	0.0
