1	0.0
2	0.0
3	0.25
4	0.0
5	0.25
6	0.0
7	0.0
8	0.25
9	0.25
10	0.25
11	0.0
12	0.0
13	0.25
14	0.25
15	0.25
16	0.0
17	0.25
18	0.25
19	0.25
20	0.0
21	0.0
22	0.25
23	0.0
24	0.25
25	1.25
26	0.0
27	1.5
28	0.25
29	1.75
30	0.25
31	0.25
32	1.25
33	1.75
34	0.5
35	0.5
36	0.25
37	1.5
38	0.75
39	1.25
40	0.5
41	1.5
42	0.25
43	1.25
44	0.5
45	1.25
46	0.25
47	0.5
48	0.0
49	2.0
50	0.0
51	0.5
52	0.0
53	1.25
54	1.5
55	0.25
56	0.5
57	1.25
58	0.25
59	0.25
60	1.25
61	0.5
62	1.25
63	0.0
64	0.0
65	2.0
66	0.25
67	0.25
68	0.0
69	0.25
70	1.25
71	0.5
72	1.75
73	1.5
74	0.25
75	1.75
76	0.25
77	0.5
78	1.5
79	0.0
80	0.0
81	1.75
82	1.75
83	0.0
84	1.0
85	0.5
86	0.25
87	1.25
88	0.75
89	1.25
90	0.25
91	0.5
92	1.5
93	0.0
94	0.25
95	0.25
96	1.5
97	0.0
98	0.25
99	0.5
100	0.0
101	0.25
102	0.0
103	0.5
104	0.0
105	0.0
106	0.0
107	0.25
108	0.0
109	0.0
110	0.0
111	0.0
112	0.0
