1	0.0
2	0.0
3	0.25
4	0.0
5	0.25
6	0.0
7	0.0
8	0.25
9	0.25
10	0.25
11	0.0
12	1.25
13	0.25
14	0.5
15	0.25
16	1.25
17	0.5
18	1.5
19	0.5
20	0.0
21	0.5
22	0.25
23	1.5
24	0.25
25	0.0
26	0.5
27	1.75
28	0.25
29	0.75
30	1.25
31	0.5
32	0.75
33	1.5
34	0.25
35	1.25
36	0.5
37	0.5
38	0.25
39	0.25
40	2.0
41	0.5
42	0.25
43	0.25
44	1.5
45	1.75
46	0.25
47	1.75
48	0.0
49	1.75
50	0.0
51	1.75
52	0.5
53	0.5
54	0.25
55	1.5
56	2.0
57	0.25
58	0.0
59	2.0
60	1.5
61	0.25
62	1.5
63	1.5
64	0.0
65	2.0
66	0.25
67	1.25
68	0.0
69	0.25
70	0.25
71	0.5
72	0.25
73	1.75
74	0.25
75	1.75
76	1.5
77	0.25
78	0.0
79	1.5
80	0.0
81	1.75
82	1.25
83	0.25
84	0.0
85	0.5
86	0.25
87	1.75
88	0.25
89	0.0
90	0.25
91	0.25
92	0.25
93	0.0
94	0.25
95	1.5
96	0.5
97	0.0
98	0.5
99	1.75
100	0.0
101	0.5
102	1.5
103	0.5
104	0.0
105	0.0
106	0.0
107	0.25
108	0.0
109	0.0
110	0.0
111	0.0
112	0.0
