1	0.0
2	0.0
3	0.25
4	0.0
5	0.25
6	0.0
7	0.0
8	0.25
9	0.5
10	1.25
11	0.25
12	0.0
13	1.75
14	1.75
15	0.25
16	0.0
17	1.5
18	0.25
19	0.25
20	1.25
21	0.5
22	0.25
23	1.5
24	0.5
25	1.5
26	0.0
27	0.25
28	1.0
29	0.5
30	0.25
31	1.75
32	1.5
33	1.75
34	0.5
35	1.75
36	0.25
37	0.5
38	1.75
39	1.5
40	0.5
41	0.25
42	0.25
43	1.5
44	0.25
45	0.25
46	0.25
47	1.5
48	0.0
49	1.75
50	0.25
51	1.0
52	0.0
53	1.25
54	0.5
55	0.25
56	0.25
57	0.0
58	1.25
59	0.5
60	1.25
61	0.0
62	0.25
63	0.25
64	0.0
65	2.0
66	0.0
67	0.5
68	1.5
69	0.25
70	0.5
71	0.5
72	1.5
73	0.25
74	0.25
75	0.5
76	1.75
77	0.0
78	1.5
79	0.25
80	1.25
81	0.25
82	1.75
83	0.0
84	1.25
85	0.5
86	0.25
87	0.5
88	0.75
89	1.25
90	0.25
91	0.25
92	1.75
93	0.0
94	2.0
95	0.25
96	0.5
97	0.25
98	1.75
99	1.25
100	1.5
101	0.25
102	0.25
103	1.5
104	0.0
105	1.5
106	0.0
107	1.75
108	0.0
109	0.0
110	0.0
111	0.0
112	0.0
