1	0.0
2	0.0
3	0.25
4	0.0
5	0.25
6	0.0
7	0.0
8	0.25
9	0.25
10	0.25
11	0.0
12	0.0
13	0.25
14	0.25
15	1.25
16	0.25
17	1.25
18	0.25
19	1.5
20	0.0
21	0.25
22	0.25
23	0.0
24	1.75
25	0.0
26	0.25
27	0.25
28	1.25
29	0.5
30	0.0
31	2.0
32	1.25
33	0.25
34	1.5
35	0.5
36	0.25
37	1.5
38	0.25
39	0.0
40	0.5
41	1.25
42	0.0
43	0.0
44	0.5
45	0.0
46	1.5
47	0.5
48	0.0
49	0.5
50	1.5
51	1.75
52	0.0
53	1.25
54	0.25
55	0.0
56	0.25
57	1.0
58	0.25
59	0.25
60	1.5
61	0.0
62	0.25
63	1.5
64	1.25
65	0.75
66	1.25
67	0.5
68	0.5
69	1.75
70	0.25
71	0.5
72	0.25
73	1.5
74	0.5
75	0.5
76	1.75
77	0.0
78	1.25
79	0.5
80	1.25
81	1.75
82	1.75
83	0.0
84	1.25
85	0.5
86	0.0
87	1.25
88	0.25
89	0.0
90	0.0
91	0.25
92	0.25
93	0.0
94	0.25
95	1.5
96	0.5
97	0.0
98	0.5
99	1.25
100	0.0
101	0.25
102	0.0
103	0.5
104	0.0
105	0.0
106	0.0
107	0.25
108	0.0
109	0.0
110	0.0
111	0.0
112	0.0
