1	0.0
2	0.0
3	0.25
4	0.0
5	0.25
6	0.0
7	0.0
8	0.25
9	0.5
10	1.5
11	0.0
12	1.25
13	1.5
14	0.75
15	1.5
16	0.25
17	0.25
18	1.75
19	0.75
20	0.0
21	0.25
22	0.25
23	0.0
24	0.25
25	0.0
26	0.0
27	1.5
28	0.25
29	0.25
30	1.25
31	0.5
32	0.5
33	0.5
34	1.5
35	1.75
36	0.25
37	0.5
38	0.25
39	0.25
40	0.5
41	0.25
42	1.5
43	0.0
44	1.5
45	0.25
46	0.5
47	0.25
48	0.0
49	0.25
50	0.0
51	0.5
52	1.5
53	0.25
54	0.25
55	0.0
56	0.25
57	0.25
58	0.25
59	0.25
60	0.0
61	0.0
62	0.25
63	0.25
64	1.5
65	2.0
66	0.25
67	1.25
68	0.0
69	0.25
70	0.0
71	0.5
72	0.25
73	0.5
74	0.25
75	0.5
76	0.25
77	0.0
78	0.0
79	0.0
80	0.0
81	0.25
82	0.0
83	0.0
84	0.25
85	0.5
86	0.0
87	0.0
88	0.25
89	0.0
90	0.0
91	0.25
92	0.25
93	0.0
94	0.25
95	0.25
96	0.25
97	0.0
98	0.25
99	0.0
100	0.0
101	0.25
102	0.0
103	0.5
104	0.0
105	0.0
106	0.0
107	0.25
108	0.0
109	0.0
110	0.0
111	0.0
112	0.0
