1	0.0
2	0.0
3	0.2222222222222222
4	0.0
5	0.2222222222222222
6	0.0
7	0.0
8	0.2222222222222222
9	0.2222222222222222
10	0.4444444444444444
11	0.2222222222222222
12	0.2222222222222222
13	0.2222222222222222
14	1.5555555555555556
15	1.5555555555555556
16	0.0
17	0.4444444444444444
18	1.3333333333333333
19	0.4444444444444444
20	0.0
21	0.2222222222222222
22	0.2222222222222222
23	1.3333333333333333
24	1.7777777777777777
25	0.0
26	0.2222222222222222
27	0.2222222222222222
28	0.0
29	0.4444444444444444
30	0.2222222222222222
31	0.4444444444444444
32	0.4444444444444444
33	1.1111111111111112
34	0.4444444444444444
35	0.2222222222222222
36	1.5555555555555556
37	1.7777777777777777
38	1.3333333333333333
39	0.4444444444444444
40	0.2222222222222222
41	1.3333333333333333
42	0.2222222222222222
43	1.5555555555555556
44	0.2222222222222222
45	0.0
46	0.2222222222222222
47	0.4444444444444444
48	0.0
49	0.2222222222222222
50	0.4444444444444444
51	1.3333333333333333
52	0.2222222222222222
53	1.5555555555555556
54	1.7777777777777777
55	0.2222222222222222
56	1.5555555555555556
57	0.8888888888888888
58	0.2222222222222222
59	0.4444444444444444
60	0.0
61	0.0
62	1.3333333333333333
63	0.4444444444444444
64	1.1111111111111112
65	0.8888888888888888
66	1.1111111111111112
67	0.2222222222222222
68	0.2222222222222222
69	1.3333333333333333
70	0.2222222222222222
71	0.4444444444444444
72	0.2222222222222222
73	1.3333333333333333
74	0.4444444444444444
75	1.5555555555555556
76	0.2222222222222222
77	0.2222222222222222
78	0.0
79	0.0
80	1.1111111111111112
81	0.4444444444444444
82	0.0
83	1.1111111111111112
84	0.0
85	2.0
86	0.2222222222222222
87	1.3333333333333333
88	0.2222222222222222
89	0.0
90	1.3333333333333333
91	0.4444444444444444
92	0.4444444444444444
93	0.2222222222222222
94	0.2222222222222222
95	0.2222222222222222
96	0.2222222222222222
97	0.4444444444444444
98	0.4444444444444444
99	0.0
100	1.1111111111111112
101	0.2222222222222222
102	0.0
103	1.7777777777777777
104	0.0
105	0.0
106	0.0
107	0.2222222222222222
108	0.0
109	0.0
110	0.0
111	0.0
112	0.0
