1	0.0
2	0.0
3	0.25
4	0.0
5	0.25
6	0.0
7	0.0
8	0.25
9	0.25
10	0.25
11	0.0
12	0.25
13	1.75
14	0.25
15	0.25
16	1.5
17	1.25
18	2.0
19	0.5
20	0.0
21	1.25
22	0.25
23	1.5
24	0.75
25	0.0
26	0.0
27	1.75
28	0.0
29	0.5
30	1.5
31	0.25
32	1.25
33	0.75
34	0.25
35	1.25
36	0.25
37	1.75
38	0.25
39	0.25
40	1.75
41	0.5
42	1.5
43	0.25
44	1.75
45	0.5
46	0.25
47	1.75
48	0.25
49	0.5
50	0.0
51	1.75
52	1.25
53	0.0
54	0.25
55	1.75
56	0.25
57	0.5
58	0.0
59	0.5
60	1.25
61	0.5
62	1.25
63	0.25
64	1.5
65	0.5
66	1.25
67	0.25
68	0.25
69	1.5
70	0.25
71	1.75
72	0.25
73	1.75
74	0.5
75	0.5
76	0.25
77	0.25
78	0.0
79	1.25
80	0.0
81	1.5
82	0.25
83	0.25
84	0.25
85	0.75
86	1.5
87	0.0
88	0.25
89	1.75
90	0.25
91	1.5
92	0.25
93	0.25
94	2.0
95	1.75
96	0.75
97	1.0
98	0.5
99	1.25
100	0.0
101	0.25
102	0.25
103	1.75
104	0.25
105	0.0
106	1.25
107	0.25
108	0.0
109	0.0
110	0.0
111	0.0
112	0.0
