1	0.0
2	0.0
3	0.2222222222222222
4	0.0
5	0.2222222222222222
6	0.0
7	0.0
8	0.2222222222222222
9	0.2222222222222222
10	1.3333333333333333
11	0.0
12	1.3333333333333333
13	0.2222222222222222
14	1.5555555555555556
15	0.2222222222222222
16	0.0
17	1.3333333333333333
18	0.2222222222222222
19	0.2222222222222222
20	1.3333333333333333
21	0.0
22	0.2222222222222222
23	0.0
24	1.5555555555555556
25	0.0
26	0.2222222222222222
27	0.4444444444444444
28	0.0
29	0.4444444444444444
30	0.0
31	0.2222222222222222
32	1.3333333333333333
33	1.5555555555555556
34	1.5555555555555556
35	0.2222222222222222
36	0.6666666666666666
37	0.2222222222222222
38	1.3333333333333333
39	0.0
40	1.7777777777777777
41	0.2222222222222222
42	0.2222222222222222
43	0.2222222222222222
44	1.3333333333333333
45	0.0
46	1.7777777777777777
47	0.2222222222222222
48	0.0
49	1.3333333333333333
50	0.0
51	1.5555555555555556
52	0.0
53	1.3333333333333333
54	0.4444444444444444
55	0.0
56	0.2222222222222222
57	0.0
58	1.1111111111111112
59	0.2222222222222222
60	1.3333333333333333
61	0.2222222222222222
62	1.1111111111111112
63	0.0
64	1.3333333333333333
65	2.0
66	0.0
67	0.2222222222222222
68	0.2222222222222222
69	1.3333333333333333
70	0.0
71	1.7777777777777777
72	0.2222222222222222
73	1.3333333333333333
74	0.2222222222222222
75	0.6666666666666666
76	1.5555555555555556
77	0.0
78	0.0
79	0.0
80	1.1111111111111112
81	0.2222222222222222
82	1.3333333333333333
83	0.0
84	1.1111111111111112
85	0.6666666666666666
86	1.1111111111111112
87	0.4444444444444444
88	0.4444444444444444
89	0.0
90	0.2222222222222222
91	1.1111111111111112
92	0.2222222222222222
93	1.1111111111111112
94	0.4444444444444444
95	0.2222222222222222
96	1.5555555555555556
97	0.0
98	0.4444444444444444
99	0.0
100	0.0
101	0.2222222222222222
102	0.4444444444444444
103	1.3333333333333333
104	0.4444444444444444
105	0.8888888888888888
106	0.0
107	0.2222222222222222
108	0.0
109	0.0
110	0.0
111	0.0
112	0.0
