1	0.0
2	1.3333333333333333
3	0.2222222222222222
4	0.2222222222222222
5	0.2222222222222222
6	1.1111111111111112
7	0.0
8	0.6666666666666666
9	0.2222222222222222
10	1.3333333333333333
11	1.1111111111111112
12	0.0
13	0.2222222222222222
14	0.2222222222222222
15	1.1111111111111112
16	0.0
17	0.2222222222222222
18	0.4444444444444444
19	1.3333333333333333
20	0.0
21	0.0
22	0.2222222222222222
23	1.3333333333333333
24	0.4444444444444444
25	0.0
26	0.0
27	0.4444444444444444
28	0.0
29	1.7777777777777777
30	0.0
31	1.7777777777777777
32	0.4444444444444444
33	0.4444444444444444
34	1.7777777777777777
35	1.1111111111111112
36	1.3333333333333333
37	0.2222222222222222
38	0.2222222222222222
39	0.2222222222222222
40	1.3333333333333333
41	0.6666666666666666
42	0.2222222222222222
43	1.3333333333333333
44	0.4444444444444444
45	0.0
46	0.2222222222222222
47	0.2222222222222222
48	1.1111111111111112
49	0.6666666666666666
50	0.0
51	0.6666666666666666
52	1.1111111111111112
53	0.0
54	0.4444444444444444
55	0.4444444444444444
56	0.2222222222222222
57	0.8888888888888888
58	1.5555555555555556
59	1.3333333333333333
60	0.2222222222222222
61	0.0
62	0.2222222222222222
63	1.5555555555555556
64	0.0
65	2.0
66	1.1111111111111112
67	0.2222222222222222
68	1.3333333333333333
69	0.2222222222222222
70	0.2222222222222222
71	1.5555555555555556
72	0.0
73	0.2222222222222222
74	0.0
75	0.4444444444444444
76	0.2222222222222222
77	0.2222222222222222
78	0.0
79	1.3333333333333333
80	0.0
81	0.6666666666666666
82	0.2222222222222222
83	0.0
84	0.0
85	1.7777777777777777
86	0.0
87	1.3333333333333333
88	0.2222222222222222
89	1.3333333333333333
90	0.4444444444444444
91	0.2222222222222222
92	1.3333333333333333
93	0.0
94	0.6666666666666666
95	1.5555555555555556
96	1.5555555555555556
97	0.2222222222222222
98	0.2222222222222222
99	1.3333333333333333
100	0.0
101	0.4444444444444444
102	1.1111111111111112
103	0.4444444444444444
104	0.0
105	0.0
106	1.3333333333333333
107	0.4444444444444444
108	0.0
109	0.0
110	0.0
111	0.0
112	0.0
