1	0.0
2	0.0
3	0.2222222222222222
4	0.0
5	0.2222222222222222
6	0.0
7	0.0
8	0.2222222222222222
9	0.2222222222222222
10	0.2222222222222222
11	1.1111111111111112
12	0.0
13	0.6666666666666666
14	1.5555555555555556
15	1.3333333333333333
16	0.0
17	1.3333333333333333
18	0.2222222222222222
19	1.3333333333333333
20	0.0
21	0.2222222222222222
22	1.3333333333333333
23	0.0
24	0.4444444444444444
25	0.0
26	0.4444444444444444
27	0.2222222222222222
28	0.0
29	0.4444444444444444
30	0.0
31	1.3333333333333333
32	0.2222222222222222
33	1.3333333333333333
34	0.2222222222222222
35	0.2222222222222222
36	1.3333333333333333
37	0.4444444444444444
38	1.5555555555555556
39	1.1111111111111112
40	0.4444444444444444
41	0.2222222222222222
42	1.3333333333333333
43	0.2222222222222222
44	0.4444444444444444
45	1.1111111111111112
46	0.2222222222222222
47	0.4444444444444444
48	1.3333333333333333
49	0.4444444444444444
50	1.3333333333333333
51	0.8888888888888888
52	0.0
53	1.1111111111111112
54	0.4444444444444444
55	0.4444444444444444
56	1.3333333333333333
57	0.0
58	0.2222222222222222
59	1.3333333333333333
60	0.0
61	1.3333333333333333
62	0.2222222222222222
63	1.3333333333333333
64	1.1111111111111112
65	0.6666666666666666
66	1.1111111111111112
67	0.2222222222222222
68	0.2222222222222222
69	1.3333333333333333
70	0.2222222222222222
71	0.4444444444444444
72	1.3333333333333333
73	0.4444444444444444
74	0.0
75	0.4444444444444444
76	0.2222222222222222
77	1.3333333333333333
78	0.2222222222222222
79	0.2222222222222222
80	0.2222222222222222
81	1.5555555555555556
82	0.4444444444444444
83	0.0
84	0.0
85	2.0
86	0.0
87	0.2222222222222222
88	1.3333333333333333
89	0.0
90	1.3333333333333333
91	0.4444444444444444
92	1.5555555555555556
93	0.0
94	0.4444444444444444
95	0.2222222222222222
96	1.3333333333333333
97	0.0
98	1.3333333333333333
99	0.0
100	1.3333333333333333
101	1.3333333333333333
102	1.5555555555555556
103	0.4444444444444444
104	1.1111111111111112
105	1.1111111111111112
106	0.0
107	0.4444444444444444
108	0.0
109	0.0
110	0.0
111	0.0
112	0.0
