1	0.0
2	0.0
3	0.2222222222222222
4	0.0
5	0.2222222222222222
6	0.0
7	0.0
8	0.2222222222222222
9	1.5555555555555556
10	0.2222222222222222
11	0.0
12	0.0
13	1.5555555555555556
14	1.5555555555555556
15	0.2222222222222222
16	0.0
17	0.2222222222222222
18	0.2222222222222222
19	0.2222222222222222
20	0.0
21	1.3333333333333333
22	0.2222222222222222
23	0.2222222222222222
24	0.2222222222222222
25	1.5555555555555556
26	0.0
27	0.2222222222222222
28	0.0
29	1.5555555555555556
30	1.1111111111111112
31	0.2222222222222222
32	0.4444444444444444
33	1.1111111111111112
34	0.2222222222222222
35	0.2222222222222222
36	0.2222222222222222
37	0.4444444444444444
38	1.5555555555555556
39	0.2222222222222222
40	0.2222222222222222
41	1.1111111111111112
42	0.4444444444444444
43	0.0
44	0.4444444444444444
45	1.1111111111111112
46	0.2222222222222222
47	1.3333333333333333
48	0.0
49	1.5555555555555556
50	0.2222222222222222
51	0.8888888888888888
52	0.0
53	0.0
54	1.5555555555555556
55	0.0
56	0.4444444444444444
57	0.0
58	0.0
59	1.5555555555555556
60	0.2222222222222222
61	1.3333333333333333
62	0.2222222222222222
63	0.0
64	1.1111111111111112
65	0.6666666666666666
66	0.0
67	0.2222222222222222
68	1.3333333333333333
69	0.2222222222222222
70	0.0
71	1.5555555555555556
72	0.2222222222222222
73	1.3333333333333333
74	0.2222222222222222
75	1.5555555555555556
76	0.2222222222222222
77	0.2222222222222222
78	0.2222222222222222
79	1.5555555555555556
80	1.1111111111111112
81	0.2222222222222222
82	0.2222222222222222
83	1.1111111111111112
84	0.0
85	2.0
86	0.0
87	0.2222222222222222
88	0.2222222222222222
89	1.1111111111111112
90	0.0
91	0.6666666666666666
92	0.2222222222222222
93	1.1111111111111112
94	1.5555555555555556
95	0.2222222222222222
96	1.7777777777777777
97	0.0
98	0.2222222222222222
99	0.0
100	0.2222222222222222
101	0.2222222222222222
102	0.0
103	0.4444444444444444
104	0.0
105	0.0
106	0.0
107	0.2222222222222222
108	0.0
109	0.0
110	0.0
111	0.0
112	0.0
