1	0.0
2	0.0
3	0.25
4	0.0
5	0.25
6	0.0
7	0.0
8	0.25
9	0.25
10	0.5
11	1.0
12	0.0
13	1.75
14	0.5
15	0.25
16	0.25
17	1.25
18	0.5
19	1.25
20	0.0
21	0.0
22	1.75
23	0.25
24	2.0
25	0.0
26	0.25
27	0.25
28	1.25
29	1.75
30	0.0
31	0.25
32	0.25
33	0.25
34	1.75
35	1.5
36	0.25
37	0.75
38	1.5
39	0.5
40	0.25
41	0.5
42	0.0
43	1.5
44	0.25
45	0.25
46	0.5
47	1.25
48	1.75
49	0.5
50	0.0
51	1.75
52	0.25
53	1.5
54	0.25
55	1.75
56	0.25
57	1.25
58	1.5
59	0.75
60	1.25
61	0.25
62	1.25
63	0.0
64	1.5
65	0.75
66	1.5
67	1.25
68	0.5
69	0.25
70	0.0
71	0.5
72	0.25
73	0.25
74	1.5
75	0.75
76	0.25
77	1.25
78	0.0
79	1.25
80	0.25
81	1.75
82	0.25
83	0.0
84	1.0
85	2.0
86	0.0
87	0.5
88	0.25
89	1.25
90	0.5
91	1.25
92	0.5
93	1.25
94	0.5
95	0.5
96	1.75
97	0.0
98	1.5
99	1.25
100	0.25
101	0.25
102	0.0
103	0.5
104	0.25
105	0.0
106	1.25
107	0.25
108	0.0
109	0.0
110	0.0
111	0.0
112	0.0
