1	0.0
2	0.0
3	0.25
4	0.0
5	0.25
6	0.0
7	0.0
8	0.25
9	0.25
10	0.25
11	0.0
12	0.0
13	0.5
14	0.25
15	0.75
16	0.25
17	0.5
18	0.5
19	0.5
20	1.5
21	0.0
22	0.25
23	0.25
24	2.0
25	1.5
26	0.25
27	0.5
28	1.25
29	0.25
30	0.0
31	0.25
32	0.25
33	1.5
34	1.75
35	0.5
36	0.25
37	0.25
38	1.75
39	1.75
40	0.25
41	1.5
42	0.0
43	1.25
44	0.5
45	1.5
46	1.5
47	0.25
48	1.25
49	0.5
50	0.25
51	1.75
52	0.25
53	0.0
54	1.75
55	1.5
56	0.25
57	0.0
58	0.25
59	0.25
60	0.0
61	1.25
62	0.25
63	1.5
64	0.0
65	1.0
66	1.25
67	0.25
68	0.5
69	0.25
70	1.25
71	0.5
72	0.25
73	1.5
74	0.5
75	0.75
76	1.5
77	0.0
78	1.5
79	0.25
80	1.5
81	0.25
82	0.0
83	1.25
84	0.25
85	2.0
86	0.25
87	0.25
88	1.75
89	0.0
90	0.0
91	1.5
92	0.75
93	1.0
94	1.5
95	0.5
96	1.75
97	0.0
98	0.25
99	0.25
100	0.0
101	1.75
102	0.25
103	1.75
104	1.25
105	0.0
106	1.75
107	0.5
108	0.0
109	0.0
110	0.0
111	0.0
112	0.0
