1	0.0
2	0.0
3	0.25
4	0.0
5	0.25
6	0.0
7	0.0
8	0.25
9	0.25
10	0.25
11	0.0
12	0.0
13	0.5
14	0.25
15	0.25
16	0.0
17	1.25
18	0.25
19	1.25
20	0.25
21	0.5
22	0.5
23	0.0
24	1.75
25	0.0
26	0.25
27	1.5
28	0.0
29	0.5
30	0.25
31	2.0
32	0.25
33	0.5
34	1.75
35	0.25
36	0.5
37	0.5
38	2.0
39	0.0
40	1.5
41	0.5
42	0.0
43	1.25
44	0.25
45	1.25
46	0.5
47	1.25
48	0.0
49	1.5
50	0.25
51	1.75
52	1.75
53	0.0
54	1.75
55	0.5
56	1.5
57	0.0
58	1.25
59	0.25
60	1.5
61	0.5
62	0.5
63	1.25
64	1.5
65	0.75
66	0.0
67	0.5
68	1.25
69	1.5
70	0.25
71	1.75
72	0.0
73	2.0
74	0.5
75	0.5
76	1.75
77	0.0
78	1.5
79	0.25
80	0.25
81	0.25
82	0.0
83	0.0
84	0.0
85	0.5
86	1.5
87	0.0
88	0.75
89	1.25
90	0.5
91	1.25
92	2.0
93	0.25
94	1.5
95	0.75
96	1.5
97	1.5
98	0.25
99	1.25
100	0.0
101	0.25
102	0.0
103	0.5
104	0.0
105	0.0
106	0.0
107	0.25
108	0.0
109	0.0
110	0.0
111	0.0
112	0.0
