1	0.0
2	0.0
3	0.25
4	0.0
5	0.25
6	0.0
7	0.0
8	0.25
9	0.25
10	0.25
11	0.0
12	0.0
13	0.25
14	1.75
15	0.25
16	0.0
17	0.25
18	0.25
19	0.5
20	0.0
21	0.5
22	2.0
23	0.25
24	1.75
25	0.25
26	0.0
27	1.5
28	1.25
29	0.5
30	0.25
31	0.75
32	1.25
33	0.5
34	1.5
35	0.25
36	0.25
37	1.75
38	1.75
39	0.0
40	0.5
41	0.75
42	0.25
43	0.0
44	1.75
45	0.25
46	0.25
47	0.5
48	0.0
49	0.5
50	1.25
51	1.0
52	0.25
53	1.25
54	0.5
55	0.0
56	1.5
57	0.0
58	0.0
59	0.5
60	0.0
61	0.0
62	0.25
63	0.0
64	1.75
65	0.75
66	1.25
67	0.5
68	0.25
69	2.0
70	0.25
71	0.5
72	0.25
73	1.5
74	0.5
75	2.0
76	0.25
77	0.25
78	0.0
79	0.25
80	0.25
81	1.5
82	0.25
83	1.5
84	0.0
85	0.5
86	0.25
87	0.0
88	0.25
89	1.75
90	1.75
91	0.5
92	1.75
93	0.25
94	0.25
95	1.5
96	0.25
97	0.0
98	1.25
99	0.25
100	1.25
101	0.25
102	1.5
103	0.5
104	0.0
105	0.0
106	0.5
107	0.25
108	0.0
109	0.0
110	0.0
111	0.0
112	0.0
