1	0.0
2	0.0
3	0.2857142857142857
4	0.0
5	0.2857142857142857
6	0.0
7	0.0
8	0.2857142857142857
9	0.5714285714285714
10	0.5714285714285714
11	0.0
12	0.0
13	1.7142857142857142
14	0.8571428571428571
15	1.7142857142857142
16	1.4285714285714286
17	0.5714285714285714
18	0.2857142857142857
19	0.5714285714285714
20	0.0
21	0.2857142857142857
22	1.7142857142857142
23	0.2857142857142857
24	0.2857142857142857
25	1.4285714285714286
26	0.0
27	0.2857142857142857
28	1.1428571428571428
29	0.5714285714285714
30	0.0
31	1.7142857142857142
32	0.2857142857142857
33	0.2857142857142857
34	2.0
35	0.2857142857142857
36	1.4285714285714286
37	0.8571428571428571
38	0.2857142857142857
39	2.0
40	2.0
41	0.8571428571428571
42	1.4285714285714286
43	0.0
44	0.2857142857142857
45	0.2857142857142857
46	0.2857142857142857
47	1.7142857142857142
48	0.0
49	1.7142857142857142
50	0.0
51	2.0
52	0.2857142857142857
53	0.0
54	0.5714285714285714
55	0.0
56	1.7142857142857142
57	0.2857142857142857
58	0.0
59	1.7142857142857142
60	0.0
61	2.0
62	1.4285714285714286
63	0.0
64	0.2857142857142857
65	0.8571428571428571
66	1.4285714285714286
67	0.2857142857142857
68	0.5714285714285714
69	1.7142857142857142
70	0.2857142857142857
71	0.5714285714285714
72	1.7142857142857142
73	0.5714285714285714
74	2.0
75	0.8571428571428571
76	2.0
77	0.0
78	0.0
79	0.2857142857142857
80	1.4285714285714286
81	0.5714285714285714
82	0.2857142857142857
83	1.7142857142857142
84	0.2857142857142857
85	0.5714285714285714
86	1.4285714285714286
87	0.5714285714285714
88	1.7142857142857142
89	0.0
90	2.0
91	1.7142857142857142
92	0.2857142857142857
93	0.0
94	2.0
95	2.0
96	0.2857142857142857
97	0.2857142857142857
98	1.4285714285714286
99	0.0
100	0.2857142857142857
101	0.2857142857142857
102	1.7142857142857142
103	1.1428571428571428
104	0.0
105	1.1428571428571428
106	0.0
107	0.5714285714285714
108	0.0
109	0.0
110	0.0
111	0.0
112	0.0
