1	0.0
2	0.0
3	0.25
4	0.0
5	0.25
6	0.0
7	0.0
8	0.25
9	0.25
10	1.75
11	0.0
12	0.0
13	1.5
14	1.75
15	1.5
16	0.0
17	0.5
18	0.5
19	1.5
20	0.0
21	0.0
22	0.25
23	0.25
24	1.75
25	1.25
26	0.5
27	0.25
28	1.5
29	0.5
30	1.25
31	0.5
32	0.75
33	1.25
34	0.75
35	0.5
36	0.5
37	0.25
38	0.25
39	1.75
40	0.25
41	0.5
42	1.5
43	0.0
44	0.5
45	1.5
46	0.25
47	0.5
48	1.25
49	0.25
50	0.0
51	0.5
52	1.75
53	0.0
54	1.75
55	0.0
56	2.0
57	0.0
58	0.0
59	0.25
60	0.0
61	0.0
62	0.25
63	1.25
64	0.25
65	0.5
66	1.25
67	0.25
68	0.25
69	1.5
70	0.25
71	0.5
72	0.0
73	1.75
74	0.25
75	1.75
76	1.75
77	0.25
78	0.25
79	1.25
80	0.25
81	0.25
82	1.5
83	0.5
84	0.0
85	2.0
86	0.25
87	1.25
88	1.25
89	0.0
90	0.25
91	1.25
92	0.5
93	0.0
94	1.5
95	1.75
96	1.75
97	0.0
98	0.25
99	0.0
100	0.0
101	0.25
102	0.0
103	0.5
104	0.0
105	0.0
106	0.0
107	1.5
108	0.0
109	0.0
110	0.0
111	0.0
112	0.0
