1	0.5
2	0.0
3	0.5
4	0.25
5	2.0
6	0.0
7	0.0
8	0.5
9	0.25
10	0.25
11	1.25
12	0.25
13	1.75
14	0.25
15	0.5
16	0.0
17	0.75
18	0.25
19	1.25
20	0.0
21	0.25
22	1.75
23	0.25
24	2.0
25	0.0
26	0.0
27	0.5
28	0.0
29	0.25
30	0.0
31	0.5
32	0.25
33	0.25
34	0.25
35	0.25
36	0.5
37	0.25
38	1.5
39	0.0
40	0.5
41	0.25
42	0.0
43	0.0
44	0.25
45	0.25
46	1.75
47	0.25
48	0.25
49	0.25
50	0.0
51	0.5
52	0.25
53	1.5
54	0.25
55	0.0
56	0.25
57	0.0
58	0.0
59	1.75
60	0.0
61	1.5
62	0.25
63	0.0
64	1.25
65	0.5
66	0.0
67	0.25
68	0.0
69	0.25
70	0.25
71	0.5
72	1.25
73	0.5
74	0.25
75	0.5
76	0.25
77	0.0
78	0.0
79	0.0
80	0.0
81	0.25
82	0.0
83	0.0
84	0.0
85	0.5
86	0.0
87	0.0
88	0.25
89	0.0
90	0.0
91	0.25
92	0.25
93	0.0
94	0.25
95	0.25
96	0.25
97	0.0
98	0.25
99	0.0
100	0.0
101	0.25
102	0.0
103	0.5
104	0.0
105	0.0
106	0.25
107	0.25
108	0.0
109	0.0
110	0.0
111	0.0
112	0.0
