1	0.0
2	0.0
3	0.2222222222222222
4	0.0
5	0.2222222222222222
6	0.0
7	0.0
8	0.2222222222222222
9	0.2222222222222222
10	0.2222222222222222
11	0.0
12	0.0
13	0.2222222222222222
14	0.2222222222222222
15	0.2222222222222222
16	0.0
17	0.2222222222222222
18	0.2222222222222222
19	0.2222222222222222
20	0.0
21	0.0
22	0.2222222222222222
23	0.0
24	0.2222222222222222
25	0.0
26	0.0
27	0.2222222222222222
28	0.0
29	0.2222222222222222
30	1.1111111111111112
31	0.2222222222222222
32	1.3333333333333333
33	0.4444444444444444
34	1.5555555555555556
35	0.4444444444444444
36	0.4444444444444444
37	0.2222222222222222
38	0.2222222222222222
39	1.3333333333333333
40	0.2222222222222222
41	0.4444444444444444
42	0.2222222222222222
43	0.0
44	0.2222222222222222
45	0.2222222222222222
46	0.2222222222222222
47	1.3333333333333333
48	0.0
49	0.2222222222222222
50	0.0
51	0.4444444444444444
52	0.2222222222222222
53	1.3333333333333333
54	0.4444444444444444
55	0.0
56	1.7777777777777777
57	0.8888888888888888
58	1.3333333333333333
59	0.2222222222222222
60	1.5555555555555556
61	1.3333333333333333
62	0.6666666666666666
63	1.1111111111111112
64	0.0
65	2.0
66	0.0
67	0.2222222222222222
68	0.0
69	0.4444444444444444
70	0.0
71	0.4444444444444444
72	1.3333333333333333
73	0.2222222222222222
74	1.5555555555555556
75	0.4444444444444444
76	0.4444444444444444
77	0.0
78	0.0
79	0.4444444444444444
80	1.1111111111111112
81	0.4444444444444444
82	0.0
83	1.3333333333333333
84	0.2222222222222222
85	1.7777777777777777
86	0.4444444444444444
87	0.2222222222222222
88	0.4444444444444444
89	1.3333333333333333
90	0.0
91	0.4444444444444444
92	1.5555555555555556
93	0.0
94	0.4444444444444444
95	1.5555555555555556
96	1.5555555555555556
97	0.0
98	1.5555555555555556
99	0.2222222222222222
100	0.0
101	1.3333333333333333
102	0.4444444444444444
103	1.3333333333333333
104	1.3333333333333333
105	0.2222222222222222
106	1.1111111111111112
107	0.4444444444444444
108	0.0
109	0.0
110	0.0
111	0.0
112	0.0
