1	0.0
2	0.0
3	0.25
4	0.0
5	0.25
6	0.0
7	0.0
8	0.25
9	0.25
10	0.25
11	0.25
12	1.5
13	0.25
14	0.5
15	1.25
16	0.25
17	0.5
18	2.0
19	1.25
20	0.0
21	0.25
22	0.25
23	0.25
24	0.75
25	0.0
26	0.5
27	0.5
28	0.0
29	0.5
30	1.5
31	1.75
32	0.75
33	0.25
34	1.5
35	0.25
36	0.25
37	0.25
38	2.0
39	0.25
40	1.5
41	0.25
42	1.5
43	0.0
44	2.0
45	0.0
46	0.25
47	0.25
48	0.5
49	0.5
50	0.25
51	0.5
52	1.25
53	0.25
54	1.5
55	1.75
56	1.5
57	0.0
58	0.25
59	0.25
60	0.0
61	1.25
62	0.25
63	0.0
64	0.0
65	1.75
66	0.25
67	0.25
68	1.0
69	0.5
70	1.0
71	1.75
72	0.0
73	0.5
74	0.0
75	0.5
76	2.0
77	1.25
78	0.25
79	0.0
80	1.25
81	0.5
82	0.0
83	1.25
84	0.25
85	0.5
86	1.5
87	0.25
88	0.25
89	0.0
90	0.0
91	0.5
92	1.5
93	0.0
94	1.75
95	0.25
96	0.5
97	0.0
98	0.75
99	0.0
100	0.25
101	0.5
102	0.25
103	1.5
104	0.5
105	1.0
106	0.0
107	0.25
108	0.0
109	0.0
110	0.0
111	0.0
112	0.0
