1	0.0
2	0.0
3	0.25
4	0.0
5	0.25
6	0.0
7	0.0
8	0.25
9	0.25
10	0.5
11	1.5
12	0.0
13	1.75
14	0.5
15	0.5
16	1.0
17	0.5
18	1.5
19	0.25
20	0.0
21	1.5
22	0.25
23	0.25
24	0.25
25	0.0
26	1.75
27	0.5
28	0.0
29	0.5
30	1.5
31	0.25
32	0.5
33	0.25
34	1.75
35	0.25
36	0.5
37	0.25
38	1.5
39	0.25
40	0.25
41	0.25
42	0.5
43	1.25
44	0.25
45	1.5
46	0.75
47	0.25
48	1.5
49	0.5
50	1.5
51	2.0
52	0.0
53	0.0
54	1.75
55	0.5
56	0.25
57	0.25
58	1.75
59	0.5
60	0.0
61	0.25
62	1.25
63	0.0
64	0.0
65	1.0
66	1.25
67	0.25
68	0.25
69	0.25
70	0.25
71	1.75
72	0.5
73	1.5
74	0.5
75	2.0
76	0.25
77	1.5
78	1.25
79	0.25
80	0.0
81	1.5
82	0.5
83	0.25
84	1.0
85	0.5
86	1.5
87	0.0
88	1.5
89	0.25
90	1.25
91	0.5
92	1.5
93	0.0
94	0.5
95	0.25
96	1.75
97	0.25
98	0.75
99	0.0
100	0.0
101	1.5
102	0.25
103	1.5
104	0.0
105	0.0
106	0.0
107	1.75
108	0.25
109	0.0
110	0.0
111	0.0
112	0.0
