1	0.0
2	0.0
3	0.2857142857142857
4	0.0
5	0.2857142857142857
6	0.0
7	0.0
8	0.2857142857142857
9	0.2857142857142857
10	0.2857142857142857
11	0.0
12	0.0
13	0.2857142857142857
14	0.2857142857142857
15	1.4285714285714286
16	0.0
17	1.7142857142857142
18	0.2857142857142857
19	0.5714285714285714
20	0.0
21	1.7142857142857142
22	0.5714285714285714
23	0.2857142857142857
24	2.0
25	0.0
26	0.5714285714285714
27	2.0
28	1.4285714285714286
29	2.0
30	1.7142857142857142
31	0.5714285714285714
32	0.8571428571428571
33	0.5714285714285714
34	2.0
35	0.8571428571428571
36	0.2857142857142857
37	0.5714285714285714
38	1.7142857142857142
39	0.5714285714285714
40	0.2857142857142857
41	1.7142857142857142
42	0.0
43	0.0
44	0.2857142857142857
45	0.2857142857142857
46	1.7142857142857142
47	0.5714285714285714
48	0.0
49	2.0
50	0.0
51	2.0
52	0.0
53	1.4285714285714286
54	0.2857142857142857
55	0.2857142857142857
56	0.2857142857142857
57	0.0
58	0.0
59	1.7142857142857142
60	0.0
61	0.0
62	0.5714285714285714
63	0.0
64	0.2857142857142857
65	0.5714285714285714
66	0.0
67	0.2857142857142857
68	0.0
69	0.2857142857142857
70	0.0
71	0.5714285714285714
72	0.0
73	0.2857142857142857
74	0.0
75	0.5714285714285714
76	0.5714285714285714
77	0.0
78	1.4285714285714286
79	0.2857142857142857
80	0.0
81	0.5714285714285714
82	1.7142857142857142
83	0.0
84	0.0
85	0.5714285714285714
86	0.0
87	0.0
88	0.2857142857142857
89	1.7142857142857142
90	0.0
91	1.4285714285714286
92	0.2857142857142857
93	0.5714285714285714
94	0.2857142857142857
95	0.5714285714285714
96	1.7142857142857142
97	0.0
98	0.5714285714285714
99	0.0
100	1.4285714285714286
101	0.8571428571428571
102	1.4285714285714286
103	0.8571428571428571
104	0.0
105	0.0
106	0.0
107	0.5714285714285714
108	0.0
109	0.0
110	0.0
111	0.0
112	0.0
