1	0.0
2	0.0
3	0.25
4	0.0
5	0.25
6	0.0
7	0.0
8	0.25
9	0.25
10	0.25
11	0.25
12	0.0
13	0.25
14	2.0
15	0.25
16	1.5
17	0.5
18	0.5
19	1.75
20	0.0
21	0.0
22	0.25
23	0.0
24	1.75
25	0.0
26	0.0
27	1.75
28	0.0
29	1.75
30	0.0
31	2.0
32	1.75
33	1.75
34	2.0
35	0.25
36	0.5
37	0.25
38	1.5
39	0.25
40	1.75
41	1.75
42	0.0
43	0.0
44	0.25
45	1.5
46	0.25
47	1.75
48	0.0
49	0.5
50	1.25
51	1.0
52	0.0
53	1.75
54	0.5
55	0.0
56	0.25
57	0.0
58	1.25
59	0.25
60	0.25
61	0.0
62	0.25
63	1.25
64	0.0
65	0.75
66	1.25
67	0.75
68	0.0
69	1.75
70	1.25
71	0.75
72	1.75
73	0.25
74	1.5
75	0.75
76	1.75
77	0.0
78	0.0
79	0.0
80	0.25
81	0.5
82	0.0
83	1.25
84	0.25
85	1.75
86	0.0
87	0.0
88	0.25
89	0.25
90	1.25
91	0.75
92	0.25
93	1.25
94	0.75
95	1.5
96	0.25
97	0.0
98	0.25
99	0.25
100	0.0
101	1.75
102	0.5
103	0.5
104	0.0
105	0.0
106	0.0
107	0.25
108	0.0
109	0.0
110	0.0
111	0.0
112	0.0
