1	0.0
2	0.0
3	0.25
4	0.0
5	0.25
6	0.0
7	0.0
8	0.25
9	0.25
10	0.75
11	0.0
12	0.0
13	0.5
14	1.75
15	0.25
16	0.0
17	1.25
18	0.25
19	0.25
20	0.0
21	0.25
22	0.5
23	1.25
24	0.5
25	0.0
26	1.75
27	0.25
28	1.25
29	1.75
30	0.25
31	0.25
32	0.5
33	1.25
34	0.25
35	0.25
36	0.75
37	0.5
38	0.25
39	0.5
40	0.25
41	1.5
42	0.25
43	0.0
44	0.25
45	0.25
46	1.5
47	0.25
48	0.0
49	0.25
50	0.0
51	0.5
52	0.0
53	0.0
54	0.5
55	1.25
56	1.5
57	0.25
58	1.25
59	0.25
60	1.75
61	0.25
62	1.25
63	0.0
64	0.0
65	2.0
66	0.0
67	0.25
68	1.25
69	0.75
70	1.0
71	0.5
72	0.0
73	0.25
74	0.0
75	0.5
76	0.25
77	0.0
78	0.0
79	0.0
80	1.5
81	0.5
82	0.0
83	1.25
84	0.25
85	0.5
86	0.25
87	0.25
88	0.25
89	0.0
90	1.5
91	1.5
92	0.25
93	0.25
94	0.5
95	1.5
96	0.25
97	0.0
98	0.25
99	0.0
100	0.0
101	0.25
102	0.0
103	0.5
104	0.0
105	0.0
106	0.0
107	0.5
108	0.0
109	0.0
110	0.0
111	0.0
112	0.0
