1	0.0
2	0.0
3	0.25
4	0.0
5	0.25
6	0.0
7	0.0
8	0.25
9	0.25
10	0.25
11	0.0
12	0.25
13	1.5
14	0.25
15	0.25
16	1.0
17	0.5
18	0.5
19	0.25
20	1.25
21	0.25
22	0.25
23	1.5
24	0.75
25	0.0
26	0.5
27	0.25
28	0.0
29	0.5
30	0.25
31	0.25
32	1.25
33	0.5
34	1.75
35	0.75
36	0.25
37	0.25
38	2.0
39	1.5
40	0.25
41	0.25
42	0.25
43	1.5
44	0.25
45	1.5
46	0.25
47	0.5
48	1.25
49	0.5
50	0.25
51	0.5
52	1.5
53	0.25
54	0.25
55	0.5
56	1.5
57	0.0
58	0.0
59	2.0
60	0.0
61	0.25
62	0.25
63	0.25
64	0.0
65	0.75
66	1.5
67	1.25
68	0.5
69	0.25
70	1.5
71	0.5
72	0.0
73	1.5
74	0.25
75	0.75
76	1.75
77	0.25
78	1.25
79	0.0
80	0.0
81	0.5
82	0.0
83	1.25
84	0.25
85	1.75
86	0.25
87	1.5
88	1.5
89	1.5
90	0.0
91	0.75
92	0.25
93	0.0
94	0.25
95	1.5
96	0.5
97	1.5
98	0.75
99	1.25
100	1.25
101	0.5
102	0.0
103	0.5
104	0.0
105	0.0
106	1.75
107	0.25
108	0.0
109	0.0
110	0.0
111	0.0
112	0.0
