1	0.0
2	0.0
3	0.25
4	0.0
5	0.25
6	0.0
7	0.0
8	0.25
9	1.75
10	1.75
11	0.0
12	0.0
13	1.75
14	0.25
15	1.5
16	0.0
17	0.5
18	0.5
19	1.25
20	0.0
21	1.25
22	0.25
23	0.25
24	0.25
25	0.0
26	0.0
27	0.5
28	1.25
29	0.25
30	0.0
31	0.5
32	0.5
33	1.5
34	0.25
35	0.25
36	0.75
37	1.5
38	0.5
39	1.5
40	0.25
41	0.25
42	1.5
43	1.75
44	0.5
45	0.0
46	0.25
47	1.25
48	0.25
49	0.25
50	1.75
51	1.5
52	0.0
53	0.25
54	0.25
55	1.25
56	0.75
57	1.0
58	0.25
59	0.5
60	1.25
61	1.75
62	1.5
63	0.0
64	1.5
65	2.0
66	0.5
67	0.5
68	1.0
69	0.5
70	0.25
71	2.0
72	0.0
73	0.25
74	0.5
75	1.75
76	0.5
77	0.0
78	0.0
79	1.25
80	0.0
81	0.5
82	0.0
83	1.25
84	0.25
85	2.0
86	0.0
87	1.5
88	0.25
89	1.25
90	1.5
91	0.25
92	0.5
93	1.0
94	0.5
95	0.5
96	0.25
97	0.25
98	0.25
99	1.25
100	0.5
101	1.5
102	1.5
103	1.5
104	0.25
105	0.0
106	0.0
107	0.25
108	0.0
109	0.0
110	0.0
111	0.0
112	0.0
