1	0.0
2	0.0
3	0.2222222222222222
4	0.0
5	0.2222222222222222
6	0.0
7	0.0
8	0.2222222222222222
9	0.2222222222222222
10	0.2222222222222222
11	0.0
12	0.0
13	0.2222222222222222
14	0.2222222222222222
15	0.2222222222222222
16	1.3333333333333333
17	0.4444444444444444
18	0.6666666666666666
19	0.4444444444444444
20	0.2222222222222222
21	0.2222222222222222
22	0.2222222222222222
23	0.0
24	1.3333333333333333
25	0.0
26	0.2222222222222222
27	0.2222222222222222
28	0.0
29	0.4444444444444444
30	1.1111111111111112
31	0.2222222222222222
32	1.3333333333333333
33	0.2222222222222222
34	1.3333333333333333
35	0.4444444444444444
36	0.2222222222222222
37	0.2222222222222222
38	1.3333333333333333
39	0.2222222222222222
40	0.4444444444444444
41	0.4444444444444444
42	0.0
43	1.5555555555555556
44	0.2222222222222222
45	1.5555555555555556
46	0.2222222222222222
47	0.4444444444444444
48	0.2222222222222222
49	1.3333333333333333
50	0.4444444444444444
51	0.6666666666666666
52	1.1111111111111112
53	0.4444444444444444
54	0.2222222222222222
55	0.2222222222222222
56	0.4444444444444444
57	0.8888888888888888
58	0.0
59	0.4444444444444444
60	0.2222222222222222
61	1.1111111111111112
62	0.4444444444444444
63	0.2222222222222222
64	1.1111111111111112
65	0.4444444444444444
66	0.4444444444444444
67	0.2222222222222222
68	1.1111111111111112
69	0.4444444444444444
70	0.8888888888888888
71	0.4444444444444444
72	0.2222222222222222
73	1.5555555555555556
74	0.4444444444444444
75	1.5555555555555556
76	0.4444444444444444
77	1.3333333333333333
78	0.0
79	0.2222222222222222
80	1.3333333333333333
81	0.2222222222222222
82	0.0
83	1.1111111111111112
84	0.2222222222222222
85	2.0
86	0.0
87	0.0
88	0.2222222222222222
89	0.0
90	0.4444444444444444
91	0.4444444444444444
92	0.4444444444444444
93	0.8888888888888888
94	0.4444444444444444
95	1.5555555555555556
96	0.2222222222222222
97	0.0
98	1.3333333333333333
99	1.3333333333333333
100	0.0
101	1.5555555555555556
102	0.2222222222222222
103	0.4444444444444444
104	0.2222222222222222
105	1.1111111111111112
106	0.2222222222222222
107	0.2222222222222222
108	0.0
109	0.0
110	0.0
111	0.0
112	0.0
