1	0.0
2	0.0
3	0.25
4	0.0
5	0.25
6	0.0
7	0.0
8	0.25
9	0.25
10	0.25
11	0.0
12	0.0
13	0.25
14	1.75
15	0.25
16	0.0
17	1.5
18	0.25
19	0.5
20	0.0
21	0.25
22	1.75
23	1.75
24	1.75
25	0.5
26	0.0
27	0.5
28	1.25
29	0.25
30	0.0
31	1.75
32	0.25
33	0.75
34	1.5
35	0.5
36	1.25
37	0.25
38	0.5
39	0.25
40	0.25
41	0.5
42	1.25
43	0.0
44	0.5
45	1.25
46	0.25
47	0.5
48	0.0
49	0.5
50	0.0
51	2.0
52	0.0
53	1.75
54	1.5
55	0.5
56	1.75
57	0.0
58	1.5
59	0.25
60	1.5
61	0.25
62	0.5
63	1.25
64	0.0
65	2.0
66	0.0
67	0.25
68	1.0
69	0.25
70	0.25
71	0.5
72	0.0
73	0.25
74	0.0
75	2.0
76	0.25
77	1.75
78	0.0
79	0.0
80	0.0
81	0.25
82	0.0
83	0.25
84	1.0
85	1.0
86	0.25
87	1.25
88	0.25
89	1.5
90	0.0
91	0.25
92	0.25
93	0.0
94	0.25
95	2.0
96	0.25
97	1.5
98	0.25
99	0.0
100	0.0
101	1.75
102	0.0
103	0.75
104	0.0
105	1.25
106	1.25
107	0.5
108	0.0
109	0.0
110	0.0
111	0.0
112	0.0
