1	0.0
2	0.0
3	0.2222222222222222
4	0.0
5	0.2222222222222222
6	0.0
7	0.0
8	0.2222222222222222
9	0.2222222222222222
10	0.2222222222222222
11	0.0
12	0.0
13	0.2222222222222222
14	1.5555555555555556
15	0.6666666666666666
16	0.0
17	1.1111111111111112
18	0.2222222222222222
19	0.2222222222222222
20	1.1111111111111112
21	1.3333333333333333
22	0.4444444444444444
23	0.0
24	0.2222222222222222
25	0.0
26	0.0
27	0.2222222222222222
28	0.0
29	0.2222222222222222
30	0.0
31	0.2222222222222222
32	0.2222222222222222
33	0.2222222222222222
34	0.2222222222222222
35	0.2222222222222222
36	0.2222222222222222
37	0.2222222222222222
38	1.5555555555555556
39	0.0
40	0.2222222222222222
41	0.2222222222222222
42	0.0
43	0.0
44	1.5555555555555556
45	0.0
46	0.2222222222222222
47	1.3333333333333333
48	0.0
49	0.6666666666666666
50	0.0
51	0.4444444444444444
52	0.0
53	0.0
54	1.5555555555555556
55	0.0
56	1.3333333333333333
57	0.0
58	0.0
59	0.2222222222222222
60	0.0
61	0.2222222222222222
62	1.3333333333333333
63	0.0
64	0.2222222222222222
65	2.0
66	0.0
67	1.3333333333333333
68	0.2222222222222222
69	0.4444444444444444
70	0.8888888888888888
71	0.4444444444444444
72	0.0
73	0.2222222222222222
74	0.2222222222222222
75	1.7777777777777777
76	0.2222222222222222
77	0.0
78	0.0
79	1.3333333333333333
80	0.0
81	0.2222222222222222
82	1.3333333333333333
83	1.5555555555555556
84	0.0
85	0.4444444444444444
86	0.0
87	0.0
88	0.2222222222222222
89	0.0
90	0.0
91	0.2222222222222222
92	0.2222222222222222
93	0.8888888888888888
94	0.4444444444444444
95	0.2222222222222222
96	0.4444444444444444
97	0.2222222222222222
98	0.2222222222222222
99	1.3333333333333333
100	0.0
101	0.4444444444444444
102	0.4444444444444444
103	0.4444444444444444
104	0.0
105	0.0
106	1.5555555555555556
107	0.4444444444444444
108	0.0
109	0.0
110	0.0
111	0.0
112	0.0
