1	0.0
2	0.0
3	0.25
4	0.0
5	0.25
6	0.0
7	0.0
8	0.25
9	0.25
10	0.25
11	0.0
12	0.25
13	1.5
14	0.25
15	0.5
16	0.0
17	0.5
18	0.5
19	0.25
20	1.75
21	0.5
22	1.5
23	0.0
24	2.0
25	0.0
26	0.5
27	2.0
28	0.0
29	0.5
30	0.0
31	0.5
32	1.25
33	0.75
34	0.5
35	0.25
36	1.5
37	0.25
38	1.5
39	0.5
40	0.5
41	0.25
42	1.75
43	0.0
44	0.5
45	1.75
46	0.25
47	1.25
48	0.0
49	1.5
50	0.0
51	1.75
52	0.0
53	0.0
54	0.5
55	1.5
56	0.75
57	0.0
58	0.0
59	0.25
60	1.5
61	0.0
62	1.25
63	0.25
64	1.25
65	0.75
66	0.25
67	1.25
68	1.25
69	0.5
70	0.25
71	0.5
72	1.5
73	0.25
74	0.5
75	1.75
76	0.5
77	1.25
78	0.25
79	0.25
80	0.5
81	0.25
82	0.5
83	1.5
84	0.0
85	2.0
86	0.0
87	1.5
88	0.25
89	0.5
90	1.25
91	0.5
92	0.5
93	0.0
94	1.75
95	0.25
96	0.25
97	0.5
98	1.25
99	1.5
100	0.25
101	0.25
102	0.0
103	1.5
104	0.0
105	0.0
106	1.75
107	0.25
108	0.0
109	0.0
110	0.0
111	0.0
112	0.0
