1	0.0
2	0.0
3	0.25
4	0.0
5	0.25
6	0.0
7	0.0
8	0.25
9	0.25
10	0.5
11	1.0
12	0.25
13	1.5
14	1.75
15	0.5
16	0.0
17	1.75
18	0.5
19	1.25
20	1.5
21	1.75
22	0.5
23	1.5
24	1.5
25	1.5
26	0.5
27	2.0
28	0.0
29	0.5
30	1.5
31	1.5
32	0.5
33	0.75
34	0.5
35	1.25
36	0.25
37	0.25
38	0.25
39	0.0
40	0.5
41	1.25
42	0.25
43	0.0
44	1.5
45	1.75
46	0.5
47	0.5
48	1.25
49	0.25
50	0.5
51	1.75
52	0.25
53	0.0
54	0.5
55	1.25
56	1.5
57	0.0
58	0.0
59	0.5
60	0.25
61	0.0
62	0.25
63	0.25
64	1.5
65	0.75
66	0.0
67	1.25
68	0.5
69	0.25
70	1.5
71	1.75
72	0.25
73	0.25
74	0.25
75	0.5
76	0.75
77	1.5
78	0.0
79	1.75
80	0.0
81	0.75
82	0.0
83	1.25
84	0.25
85	1.75
86	0.0
87	1.75
88	1.25
89	1.5
90	0.0
91	0.75
92	0.5
93	1.0
94	0.25
95	0.5
96	1.75
97	0.5
98	0.5
99	0.25
100	1.25
101	0.25
102	0.5
103	0.5
104	0.0
105	1.0
106	1.5
107	0.25
108	0.0
109	0.0
110	0.0
111	0.0
112	0.0
