1	0.0
2	0.0
3	0.25
4	0.0
5	0.25
6	0.0
7	0.0
8	0.25
9	0.25
10	1.5
11	1.25
12	0.0
13	1.5
14	0.25
15	0.5
16	0.0
17	0.25
18	1.75
19	0.5
20	1.25
21	1.75
22	0.5
23	0.0
24	0.5
25	1.5
26	0.25
27	0.25
28	0.0
29	1.75
30	1.5
31	0.25
32	1.5
33	0.5
34	1.5
35	0.5
36	0.25
37	0.25
38	1.5
39	0.25
40	0.25
41	0.75
42	0.25
43	1.75
44	1.75
45	0.0
46	0.25
47	0.25
48	0.25
49	0.75
50	1.5
51	1.75
52	1.25
53	0.25
54	0.25
55	0.0
56	1.75
57	0.25
58	0.0
59	1.5
60	0.0
61	0.25
62	0.25
63	1.75
64	1.25
65	0.5
66	1.5
67	0.5
68	1.5
69	0.25
70	0.5
71	1.75
72	0.5
73	0.25
74	0.25
75	2.0
76	0.25
77	1.5
78	0.0
79	1.25
80	0.25
81	0.25
82	1.5
83	0.25
84	0.0
85	0.5
86	1.5
87	0.0
88	0.25
89	1.5
90	0.0
91	0.5
92	1.5
93	0.25
94	1.75
95	0.25
96	2.0
97	0.0
98	1.5
99	0.0
100	0.0
101	0.75
102	1.25
103	0.5
104	0.0
105	1.0
106	0.25
107	1.75
108	0.0
109	0.0
110	0.0
111	0.0
112	0.0
