1	0.0
2	0.0
3	0.25
4	0.0
5	0.25
6	0.0
7	0.0
8	0.25
9	0.25
10	0.5
11	0.0
12	0.0
13	0.25
14	0.25
15	0.25
16	0.0
17	0.25
18	1.75
19	0.5
20	0.0
21	1.5
22	0.5
23	0.0
24	0.5
25	0.0
26	0.0
27	0.25
28	1.5
29	0.5
30	0.25
31	0.75
32	1.25
33	0.25
34	0.25
35	1.75
36	0.5
37	0.5
38	1.75
39	0.0
40	0.5
41	1.5
42	0.25
43	0.0
44	0.25
45	0.0
46	0.5
47	1.25
48	0.25
49	1.5
50	0.0
51	0.5
52	1.25
53	1.25
54	0.25
55	0.0
56	0.25
57	1.25
58	0.0
59	1.5
60	0.0
61	0.25
62	0.75
63	0.0
64	0.0
65	2.0
66	0.0
67	1.75
68	0.0
69	0.5
70	0.0
71	0.5
72	0.25
73	0.25
74	0.0
75	0.5
76	0.25
77	0.0
78	1.5
79	0.0
80	0.0
81	0.25
82	0.0
83	0.0
84	0.25
85	2.0
86	0.0
87	0.0
88	0.25
89	0.0
90	0.0
91	0.25
92	0.75
93	1.25
94	0.25
95	2.0
96	0.25
97	0.5
98	0.25
99	0.0
100	1.5
101	0.25
102	0.0
103	0.5
104	0.0
105	0.0
106	0.0
107	0.25
108	0.0
109	0.0
110	0.0
111	0.0
112	0.0
