1	0.0
2	0.0
3	0.25
4	0.0
5	0.25
6	0.0
7	0.0
8	0.25
9	0.25
10	0.25
11	1.5
12	0.0
13	1.75
14	0.5
15	0.25
16	1.25
17	0.25
18	1.5
19	0.25
20	0.0
21	0.25
22	1.5
23	0.25
24	1.5
25	0.0
26	0.25
27	1.5
28	0.0
29	0.5
30	1.25
31	0.25
32	0.25
33	1.5
34	0.5
35	0.25
36	1.5
37	0.25
38	0.25
39	0.25
40	1.75
41	0.25
42	0.25
43	0.25
44	1.5
45	0.0
46	0.25
47	0.25
48	1.5
49	0.25
50	0.5
51	1.5
52	0.25
53	0.0
54	1.5
55	0.25
56	2.0
57	0.0
58	1.25
59	0.75
60	0.25
61	0.25
62	1.25
63	0.25
64	1.25
65	0.5
66	0.25
67	0.75
68	0.25
69	1.5
70	0.25
71	0.5
72	0.0
73	1.5
74	0.5
75	2.0
76	0.5
77	0.0
78	0.0
79	1.75
80	0.0
81	1.75
82	0.0
83	1.25
84	0.5
85	0.5
86	0.0
87	0.25
88	0.25
89	1.25
90	0.0
91	0.25
92	0.25
93	0.0
94	0.5
95	1.5
96	0.75
97	0.0
98	0.25
99	1.5
100	0.25
101	1.75
102	0.25
103	1.5
104	0.0
105	0.25
106	0.0
107	0.5
108	0.0
109	0.0
110	0.0
111	0.0
112	0.0
