1	0.0
2	0.0
3	0.25
4	0.0
5	0.25
6	0.0
7	0.0
8	0.25
9	0.25
10	0.25
11	0.0
12	0.0
13	0.25
14	0.25
15	0.25
16	0.0
17	0.25
18	0.25
19	1.5
20	0.0
21	1.5
22	0.25
23	0.0
24	0.25
25	0.0
26	0.25
27	2.0
28	0.0
29	0.75
30	1.5
31	0.25
32	1.25
33	0.75
34	1.75
35	0.25
36	1.75
37	0.25
38	0.25
39	1.25
40	0.5
41	0.5
42	1.25
43	0.0
44	1.75
45	0.25
46	0.25
47	0.25
48	0.25
49	0.75
50	0.0
51	2.0
52	1.75
53	0.0
54	1.75
55	0.0
56	0.5
57	1.0
58	1.25
59	0.25
60	1.5
61	0.25
62	0.25
63	1.5
64	0.5
65	1.75
66	0.0
67	0.25
68	0.5
69	0.25
70	1.0
71	0.5
72	0.25
73	1.75
74	0.25
75	0.5
76	0.25
77	0.25
78	0.0
79	0.25
80	1.25
81	0.25
82	0.5
83	0.0
84	0.0
85	2.0
86	1.5
87	0.0
88	0.5
89	1.75
90	0.25
91	0.5
92	1.5
93	0.0
94	2.0
95	0.5
96	0.5
97	1.25
98	1.25
99	0.25
100	1.25
101	0.25
102	1.25
103	0.5
104	0.0
105	0.0
106	0.0
107	0.25
108	0.0
109	0.0
110	0.0
111	0.0
112	0.0
