1	0.0
2	0.0
3	0.25
4	0.0
5	0.25
6	0.0
7	0.0
8	0.25
9	0.25
10	0.25
11	0.0
12	1.25
13	0.5
14	0.75
15	1.5
16	0.0
17	1.5
18	0.5
19	0.25
20	0.0
21	1.75
22	0.25
23	0.25
24	2.0
25	0.0
26	1.5
27	0.25
28	0.25
29	1.75
30	0.25
31	0.5
32	1.5
33	0.5
34	0.25
35	0.5
36	1.25
37	1.5
38	0.25
39	0.0
40	0.75
41	0.75
42	1.25
43	0.5
44	0.25
45	0.25
46	0.5
47	1.75
48	0.25
49	0.75
50	0.0
51	0.5
52	0.0
53	1.5
54	0.5
55	0.0
56	1.5
57	0.25
58	0.0
59	0.25
60	1.25
61	1.5
62	0.25
63	0.0
64	0.0
65	0.5
66	0.0
67	1.25
68	0.25
69	0.25
70	0.25
71	2.0
72	0.25
73	0.75
74	1.75
75	0.5
76	0.75
77	1.25
78	0.0
79	0.25
80	1.25
81	0.5
82	0.0
83	1.5
84	0.0
85	0.5
86	0.5
87	1.25
88	0.25
89	0.5
90	0.25
91	1.5
92	0.25
93	1.25
94	0.25
95	0.25
96	0.25
97	0.0
98	1.5
99	0.5
100	1.25
101	0.25
102	0.5
103	2.0
104	0.0
105	1.0
106	0.5
107	0.5
108	0.0
109	0.0
110	0.0
111	0.0
112	0.0
