1	0.0
2	0.0
3	0.2857142857142857
4	0.0
5	0.2857142857142857
6	0.0
7	0.0
8	0.2857142857142857
9	0.2857142857142857
10	0.2857142857142857
11	1.4285714285714286
12	0.0
13	2.0
14	0.8571428571428571
15	2.0
16	0.0
17	0.2857142857142857
18	0.2857142857142857
19	1.7142857142857142
20	0.0
21	0.0
22	2.0
23	2.0
24	0.5714285714285714
25	0.0
26	0.0
27	0.2857142857142857
28	0.0
29	2.0
30	0.0
31	0.5714285714285714
32	1.7142857142857142
33	0.2857142857142857
34	0.2857142857142857
35	0.8571428571428571
36	1.4285714285714286
37	0.2857142857142857
38	0.2857142857142857
39	0.0
40	0.2857142857142857
41	0.2857142857142857
42	0.0
43	1.7142857142857142
44	0.5714285714285714
45	0.0
46	0.2857142857142857
47	1.4285714285714286
48	2.0
49	0.5714285714285714
50	0.0
51	0.8571428571428571
52	0.0
53	0.0
54	0.2857142857142857
55	0.0
56	0.5714285714285714
57	1.1428571428571428
58	0.0
59	0.2857142857142857
60	1.4285714285714286
61	0.2857142857142857
62	0.2857142857142857
63	1.4285714285714286
64	0.0
65	0.8571428571428571
66	0.0
67	0.2857142857142857
68	0.2857142857142857
69	0.2857142857142857
70	0.0
71	0.5714285714285714
72	1.7142857142857142
73	0.5714285714285714
74	1.7142857142857142
75	0.5714285714285714
76	0.2857142857142857
77	0.0
78	0.0
79	0.2857142857142857
80	1.4285714285714286
81	0.5714285714285714
82	1.7142857142857142
83	0.0
84	1.7142857142857142
85	0.8571428571428571
86	0.2857142857142857
87	0.0
88	0.2857142857142857
89	0.0
90	1.7142857142857142
91	0.2857142857142857
92	0.5714285714285714
93	1.1428571428571428
94	0.5714285714285714
95	1.7142857142857142
96	0.5714285714285714
97	0.2857142857142857
98	0.2857142857142857
99	0.0
100	1.4285714285714286
101	0.2857142857142857
102	0.0
103	0.5714285714285714
104	0.0
105	0.0
106	0.0
107	0.2857142857142857
108	0.0
109	0.0
110	0.0
111	0.0
112	0.0
