1	0.0
2	0.0
3	0.25
4	0.0
5	0.25
6	0.0
7	0.0
8	0.25
9	0.25
10	1.5
11	1.25
12	0.0
13	0.5
14	0.25
15	0.75
16	0.0
17	0.5
18	1.75
19	1.5
20	0.0
21	1.75
22	0.25
23	1.75
24	1.5
25	0.0
26	1.5
27	0.5
28	0.0
29	2.0
30	1.75
31	0.25
32	1.25
33	1.75
34	1.5
35	0.75
36	1.25
37	0.25
38	0.25
39	1.25
40	0.75
41	1.5
42	0.25
43	1.75
44	0.5
45	0.25
46	1.75
47	0.5
48	0.0
49	0.25
50	1.25
51	0.75
52	0.0
53	1.25
54	0.75
55	1.25
56	1.75
57	0.0
58	0.0
59	0.25
60	0.25
61	1.25
62	0.5
63	0.0
64	1.25
65	0.75
66	1.5
67	0.5
68	0.0
69	1.5
70	1.5
71	0.5
72	1.75
73	0.25
74	1.5
75	0.5
76	0.25
77	0.25
78	0.0
79	0.25
80	0.25
81	1.75
82	0.0
83	0.0
84	1.25
85	0.75
86	1.5
87	0.25
88	1.5
89	0.0
90	0.25
91	1.75
92	0.25
93	0.25
94	1.5
95	0.25
96	1.75
97	0.0
98	1.5
99	1.25
100	1.25
101	0.25
102	0.5
103	0.5
104	0.0
105	1.0
106	0.25
107	0.25
108	0.0
109	0.0
110	0.0
111	0.0
112	0.0
