1	0.0
2	0.0
3	0.25
4	0.0
5	0.25
6	0.0
7	0.0
8	0.25
9	1.25
10	0.25
11	0.0
12	1.25
13	0.5
14	0.25
15	0.25
16	1.25
17	0.25
18	0.25
19	1.5
20	1.25
21	0.0
22	1.75
23	0.0
24	1.75
25	0.25
26	0.25
27	1.5
28	0.0
29	0.5
30	0.25
31	1.5
32	0.25
33	0.5
34	0.5
35	1.25
36	0.75
37	0.25
38	1.75
39	0.25
40	0.5
41	0.5
42	1.25
43	0.0
44	0.5
45	1.5
46	0.25
47	0.5
48	1.25
49	0.5
50	1.25
51	1.0
52	0.0
53	0.0
54	0.5
55	1.75
56	0.5
57	1.25
58	0.0
59	1.75
60	0.25
61	0.0
62	1.75
63	0.0
64	1.5
65	1.0
66	0.0
67	0.5
68	1.0
69	0.5
70	1.25
71	0.5
72	0.0
73	0.25
74	0.25
75	0.5
76	1.5
77	0.0
78	0.25
79	0.5
80	0.0
81	0.5
82	1.5
83	0.5
84	1.25
85	0.5
86	1.5
87	0.0
88	1.25
89	0.5
90	0.5
91	1.5
92	0.25
93	0.0
94	1.75
95	0.25
96	0.5
97	1.0
98	1.75
99	0.0
100	0.0
101	1.75
102	0.5
103	2.0
104	1.25
105	1.25
106	1.75
107	0.25
108	0.0
109	0.0
110	0.0
111	0.0
112	0.0
