1	0.0
2	0.0
3	0.25
4	0.0
5	0.25
6	0.0
7	0.0
8	0.25
9	0.25
10	1.5
11	0.0
12	0.0
13	0.25
14	0.5
15	1.5
16	0.0
17	0.5
18	0.25
19	1.25
20	0.0
21	0.25
22	0.25
23	0.0
24	0.5
25	0.0
26	0.25
27	0.5
28	1.0
29	0.5
30	1.5
31	0.5
32	1.75
33	1.5
34	2.0
35	0.25
36	1.25
37	0.75
38	0.25
39	0.25
40	0.25
41	1.25
42	0.5
43	0.0
44	1.75
45	0.0
46	0.25
47	1.5
48	0.0
49	0.5
50	0.25
51	1.0
52	1.25
53	0.0
54	0.75
55	1.25
56	2.0
57	0.0
58	1.5
59	0.25
60	1.5
61	0.0
62	0.5
63	1.5
64	0.0
65	2.0
66	0.0
67	1.5
68	0.5
69	0.25
70	1.0
71	0.75
72	0.25
73	0.25
74	1.25
75	0.5
76	0.25
77	1.25
78	0.0
79	0.25
80	0.0
81	0.25
82	0.0
83	0.0
84	0.25
85	0.5
86	0.25
87	1.5
88	0.5
89	0.25
90	1.25
91	0.25
92	0.5
93	0.25
94	1.5
95	0.75
96	0.5
97	1.0
98	1.75
99	1.25
100	1.5
101	0.5
102	1.75
103	1.75
104	0.25
105	1.25
106	0.25
107	0.5
108	0.0
109	0.0
110	0.0
111	0.0
112	0.0
