1	0.0
2	0.0
3	0.25
4	0.0
5	0.25
6	0.0
7	0.0
8	0.25
9	0.25
10	0.25
11	0.0
12	0.25
13	2.0
14	0.5
15	1.25
16	1.0
17	0.75
18	1.5
19	0.5
20	1.25
21	0.25
22	0.5
23	0.0
24	0.5
25	0.0
26	0.25
27	1.5
28	0.0
29	1.5
30	0.25
31	0.25
32	0.25
33	0.5
34	1.5
35	0.5
36	0.25
37	0.25
38	1.5
39	0.5
40	1.75
41	0.75
42	1.25
43	1.5
44	0.25
45	1.5
46	0.25
47	0.25
48	0.0
49	0.25
50	0.0
51	0.5
52	0.0
53	1.25
54	0.5
55	0.0
56	0.25
57	0.0
58	0.25
59	1.5
60	0.25
61	0.0
62	1.25
63	0.0
64	0.25
65	0.5
66	1.25
67	0.25
68	0.25
69	1.5
70	0.5
71	1.75
72	0.5
73	0.25
74	0.25
75	0.5
76	0.75
77	1.5
78	0.0
79	0.0
80	1.25
81	0.25
82	1.75
83	0.0
84	0.25
85	2.0
86	0.5
87	1.25
88	0.25
89	1.75
90	0.0
91	1.75
92	0.25
93	1.25
94	0.25
95	1.75
96	2.0
97	0.25
98	0.25
99	1.5
100	0.0
101	0.25
102	0.5
103	1.75
104	0.0
105	1.25
106	1.5
107	0.25
108	0.0
109	0.0
110	0.0
111	0.0
112	0.0
