1	0.0
2	0.0
3	0.2857142857142857
4	0.0
5	0.2857142857142857
6	0.0
7	0.0
8	0.2857142857142857
9	0.8571428571428571
10	0.2857142857142857
11	0.0
12	0.0
13	0.2857142857142857
14	2.0
15	0.2857142857142857
16	0.5714285714285714
17	1.7142857142857142
18	0.2857142857142857
19	0.2857142857142857
20	0.0
21	1.7142857142857142
22	1.7142857142857142
23	0.0
24	2.0
25	0.0
26	1.4285714285714286
27	0.5714285714285714
28	0.0
29	2.0
30	0.2857142857142857
31	0.5714285714285714
32	1.7142857142857142
33	0.2857142857142857
34	2.0
35	0.2857142857142857
36	0.5714285714285714
37	2.0
38	0.2857142857142857
39	1.7142857142857142
40	0.2857142857142857
41	0.5714285714285714
42	0.5714285714285714
43	0.2857142857142857
44	0.8571428571428571
45	1.7142857142857142
46	0.2857142857142857
47	0.2857142857142857
48	2.0
49	0.2857142857142857
50	0.5714285714285714
51	0.8571428571428571
52	0.2857142857142857
53	0.2857142857142857
54	1.7142857142857142
55	0.2857142857142857
56	0.5714285714285714
57	0.0
58	1.7142857142857142
59	0.2857142857142857
60	1.4285714285714286
61	0.2857142857142857
62	0.2857142857142857
63	0.0
64	1.4285714285714286
65	1.1428571428571428
66	0.0
67	0.2857142857142857
68	1.4285714285714286
69	0.2857142857142857
70	0.0
71	0.5714285714285714
72	0.2857142857142857
73	1.7142857142857142
74	0.2857142857142857
75	0.8571428571428571
76	2.0
77	0.0
78	0.2857142857142857
79	2.0
80	0.0
81	2.0
82	0.0
83	1.7142857142857142
84	0.2857142857142857
85	0.5714285714285714
86	0.0
87	0.0
88	0.2857142857142857
89	1.7142857142857142
90	0.0
91	0.2857142857142857
92	2.0
93	0.0
94	2.0
95	0.5714285714285714
96	1.7142857142857142
97	0.5714285714285714
98	1.4285714285714286
99	1.7142857142857142
100	0.2857142857142857
101	2.0
102	0.0
103	1.1428571428571428
104	1.7142857142857142
105	0.0
106	0.0
107	0.2857142857142857
108	0.0
109	0.0
110	0.0
111	0.0
112	0.0
