1	0.0
2	0.0
3	0.25
4	0.0
5	0.25
6	0.0
7	0.0
8	0.25
9	1.5
10	0.5
11	1.25
12	0.0
13	1.75
14	0.75
15	1.5
16	0.0
17	0.25
18	0.5
19	0.25
20	1.75
21	0.0
22	2.0
23	0.25
24	0.5
25	0.0
26	1.5
27	0.25
28	0.0
29	1.5
30	0.0
31	0.75
32	1.5
33	0.5
34	1.75
35	0.5
36	0.75
37	0.25
38	2.0
39	0.0
40	0.25
41	0.5
42	1.25
43	0.0
44	0.5
45	0.0
46	0.75
47	0.5
48	0.25
49	0.25
50	1.75
51	0.5
52	0.0
53	0.25
54	0.25
55	1.5
56	0.75
57	1.0
58	0.0
59	0.75
60	1.5
61	0.5
62	0.25
63	1.25
64	0.0
65	0.75
66	1.5
67	0.25
68	0.25
69	0.5
70	1.0
71	2.0
72	0.25
73	0.25
74	1.75
75	1.75
76	0.25
77	0.25
78	1.5
79	0.0
80	0.0
81	0.25
82	0.25
83	1.25
84	0.0
85	2.0
86	0.0
87	0.0
88	0.25
89	0.25
90	1.5
91	0.75
92	1.75
93	1.25
94	0.25
95	1.75
96	0.25
97	0.25
98	0.5
99	0.25
100	0.0
101	0.25
102	0.0
103	1.0
104	0.0
105	0.25
106	0.0
107	0.25
108	0.0
109	0.0
110	0.0
111	0.0
112	0.0
