1	0.0
2	0.0
3	0.2222222222222222
4	0.0
5	0.2222222222222222
6	0.0
7	0.0
8	0.2222222222222222
9	0.2222222222222222
10	0.2222222222222222
11	1.1111111111111112
12	1.1111111111111112
13	0.2222222222222222
14	0.4444444444444444
15	0.2222222222222222
16	0.0
17	1.3333333333333333
18	0.2222222222222222
19	0.4444444444444444
20	0.0
21	0.0
22	0.2222222222222222
23	0.0
24	0.6666666666666666
25	0.0
26	1.5555555555555556
27	1.5555555555555556
28	0.2222222222222222
29	0.4444444444444444
30	0.0
31	1.5555555555555556
32	0.2222222222222222
33	1.3333333333333333
34	1.5555555555555556
35	0.2222222222222222
36	0.4444444444444444
37	0.2222222222222222
38	0.2222222222222222
39	1.5555555555555556
40	0.2222222222222222
41	1.3333333333333333
42	0.0
43	1.3333333333333333
44	1.3333333333333333
45	0.0
46	0.4444444444444444
47	1.1111111111111112
48	0.0
49	0.4444444444444444
50	0.2222222222222222
51	0.6666666666666666
52	1.1111111111111112
53	1.1111111111111112
54	0.2222222222222222
55	0.2222222222222222
56	0.2222222222222222
57	0.2222222222222222
58	1.1111111111111112
59	0.4444444444444444
60	1.3333333333333333
61	0.2222222222222222
62	1.1111111111111112
63	0.4444444444444444
64	1.1111111111111112
65	0.8888888888888888
66	1.3333333333333333
67	0.2222222222222222
68	1.1111111111111112
69	0.2222222222222222
70	0.0
71	0.4444444444444444
72	0.2222222222222222
73	1.3333333333333333
74	0.4444444444444444
75	0.4444444444444444
76	0.2222222222222222
77	0.4444444444444444
78	1.1111111111111112
79	0.0
80	0.0
81	1.3333333333333333
82	0.0
83	1.3333333333333333
84	0.0
85	2.0
86	0.0
87	1.1111111111111112
88	0.6666666666666666
89	0.0
90	0.0
91	0.2222222222222222
92	0.2222222222222222
93	1.3333333333333333
94	0.2222222222222222
95	0.2222222222222222
96	1.3333333333333333
97	0.4444444444444444
98	0.2222222222222222
99	0.0
100	0.0
101	0.2222222222222222
102	0.0
103	0.4444444444444444
104	0.0
105	0.0
106	0.0
107	0.2222222222222222
108	0.0
109	0.0
110	0.0
111	0.0
112	0.0
