1	0.0
2	0.0
3	0.25
4	0.0
5	0.25
6	0.0
7	0.0
8	0.25
9	1.5
10	0.25
11	0.0
12	0.0
13	0.5
14	1.5
15	0.75
16	0.0
17	1.75
18	0.25
19	0.5
20	0.0
21	1.5
22	0.25
23	0.0
24	0.25
25	0.0
26	1.5
27	1.5
28	0.0
29	0.5
30	0.0
31	2.0
32	0.25
33	1.75
34	1.75
35	0.5
36	0.25
37	0.25
38	0.25
39	1.5
40	1.75
41	0.5
42	1.5
43	0.0
44	0.25
45	0.0
46	0.25
47	0.25
48	0.25
49	2.0
50	0.25
51	2.0
52	0.5
53	1.5
54	0.25
55	1.25
56	0.25
57	0.25
58	0.0
59	0.25
60	0.25
61	1.5
62	0.5
63	0.0
64	1.5
65	0.75
66	1.75
67	0.5
68	1.5
69	0.5
70	0.0
71	0.5
72	0.0
73	0.25
74	0.25
75	2.0
76	1.5
77	0.25
78	0.0
79	1.25
80	0.25
81	0.5
82	0.0
83	0.25
84	0.25
85	1.75
86	1.5
87	0.0
88	0.5
89	1.5
90	0.0
91	0.75
92	1.5
93	0.25
94	0.25
95	0.25
96	0.25
97	0.25
98	0.25
99	0.0
100	0.0
101	0.25
102	0.0
103	0.5
104	0.0
105	0.0
106	0.0
107	0.25
108	0.0
109	0.0
110	0.0
111	0.0
112	0.0
