1	0.0
2	0.0
3	0.25
4	0.0
5	0.25
6	0.0
7	0.0
8	0.25
9	0.25
10	1.5
11	0.0
12	0.0
13	1.5
14	0.5
15	1.25
16	0.25
17	0.25
18	0.75
19	1.25
20	0.0
21	0.25
22	1.5
23	0.25
24	0.5
25	0.0
26	0.25
27	1.5
28	0.0
29	0.75
30	1.25
31	0.25
32	0.25
33	0.25
34	1.5
35	0.75
36	1.5
37	0.5
38	1.5
39	0.0
40	2.0
41	0.25
42	0.0
43	0.0
44	0.5
45	0.0
46	0.5
47	1.5
48	0.0
49	0.25
50	0.5
51	1.5
52	0.25
53	1.5
54	0.5
55	0.0
56	2.0
57	1.25
58	0.0
59	1.75
60	0.0
61	1.25
62	0.25
63	1.25
64	0.0
65	0.5
66	0.0
67	0.5
68	1.0
69	0.25
70	1.25
71	0.75
72	1.75
73	1.5
74	0.5
75	0.5
76	0.25
77	0.0
78	0.0
79	1.25
80	1.5
81	0.5
82	1.25
83	1.5
84	0.25
85	1.75
86	0.25
87	1.25
88	0.25
89	0.25
90	1.25
91	1.75
92	0.25
93	0.0
94	1.75
95	0.5
96	1.75
97	0.0
98	0.5
99	1.25
100	0.0
101	0.5
102	0.25
103	0.5
104	1.5
105	0.0
106	0.0
107	0.25
108	0.0
109	0.0
110	0.0
111	0.0
112	0.0
