1	0.0
2	0.0
3	0.2222222222222222
4	0.0
5	0.2222222222222222
6	0.0
7	0.0
8	0.2222222222222222
9	0.2222222222222222
10	0.2222222222222222
11	0.0
12	0.0
13	0.2222222222222222
14	0.2222222222222222
15	0.2222222222222222
16	0.0
17	0.2222222222222222
18	0.2222222222222222
19	0.2222222222222222
20	0.0
21	0.0
22	0.2222222222222222
23	1.3333333333333333
24	0.2222222222222222
25	0.0
26	0.0
27	0.2222222222222222
28	1.1111111111111112
29	0.2222222222222222
30	1.1111111111111112
31	0.2222222222222222
32	1.1111111111111112
33	0.4444444444444444
34	1.7777777777777777
35	0.2222222222222222
36	0.2222222222222222
37	1.5555555555555556
38	0.6666666666666666
39	1.1111111111111112
40	0.4444444444444444
41	0.2222222222222222
42	0.0
43	0.2222222222222222
44	0.4444444444444444
45	0.2222222222222222
46	0.2222222222222222
47	0.2222222222222222
48	1.3333333333333333
49	0.2222222222222222
50	0.2222222222222222
51	1.5555555555555556
52	0.0
53	1.1111111111111112
54	0.4444444444444444
55	1.3333333333333333
56	1.7777777777777777
57	0.8888888888888888
58	0.0
59	0.2222222222222222
60	0.4444444444444444
61	1.1111111111111112
62	0.4444444444444444
63	1.1111111111111112
64	0.0
65	2.0
66	0.2222222222222222
67	1.1111111111111112
68	0.2222222222222222
69	0.4444444444444444
70	1.1111111111111112
71	0.4444444444444444
72	1.5555555555555556
73	0.2222222222222222
74	0.2222222222222222
75	1.5555555555555556
76	0.4444444444444444
77	1.3333333333333333
78	0.0
79	0.0
80	0.2222222222222222
81	1.3333333333333333
82	1.5555555555555556
83	0.2222222222222222
84	0.2222222222222222
85	1.5555555555555556
86	0.2222222222222222
87	1.3333333333333333
88	0.2222222222222222
89	0.4444444444444444
90	1.3333333333333333
91	0.4444444444444444
92	0.2222222222222222
93	0.0
94	0.2222222222222222
95	0.4444444444444444
96	0.2222222222222222
97	1.1111111111111112
98	1.3333333333333333
99	0.2222222222222222
100	0.2222222222222222
101	0.2222222222222222
102	0.0
103	0.4444444444444444
104	0.0
105	0.0
106	0.0
107	0.2222222222222222
108	0.0
109	0.0
110	0.0
111	0.0
112	0.0
