1	0.0
2	0.0
3	0.25
4	0.0
5	0.25
6	0.0
7	0.0
8	0.25
9	0.25
10	0.25
11	0.25
12	1.25
13	0.25
14	0.5
15	1.5
16	0.0
17	0.25
18	2.0
19	0.25
20	0.0
21	1.5
22	0.25
23	1.5
24	0.25
25	1.25
26	0.25
27	0.5
28	1.0
29	1.75
30	0.0
31	0.25
32	0.5
33	0.25
34	0.25
35	1.5
36	0.25
37	0.25
38	1.75
39	0.25
40	0.25
41	1.5
42	1.5
43	0.0
44	0.25
45	0.25
46	0.25
47	1.75
48	1.25
49	0.75
50	0.25
51	0.5
52	1.25
53	0.0
54	1.5
55	0.5
56	0.5
57	1.0
58	0.25
59	2.0
60	0.0
61	1.5
62	1.5
63	0.0
64	1.25
65	0.75
66	0.0
67	0.5
68	1.25
69	0.5
70	0.5
71	0.5
72	1.75
73	0.25
74	1.75
75	0.5
76	0.5
77	1.5
78	0.0
79	0.0
80	1.25
81	0.5
82	1.5
83	0.0
84	1.0
85	0.75
86	1.5
87	0.5
88	0.25
89	1.25
90	0.25
91	0.25
92	0.75
93	0.0
94	1.5
95	0.25
96	0.5
97	1.0
98	0.25
99	0.0
100	1.5
101	0.75
102	0.25
103	0.5
104	0.0
105	0.0
106	0.0
107	0.25
108	0.0
109	0.0
110	0.0
111	0.0
112	0.0
