1	0.0
2	0.0
3	0.25
4	0.0
5	0.25
6	0.0
7	0.0
8	0.25
9	0.25
10	0.25
11	0.25
12	1.25
13	0.25
14	1.75
15	0.5
16	0.0
17	0.5
18	0.25
19	0.25
20	0.0
21	0.25
22	1.5
23	0.0
24	0.5
25	0.0
26	1.5
27	1.5
28	0.0
29	1.75
30	0.0
31	0.5
32	0.25
33	0.25
34	0.25
35	0.5
36	1.25
37	0.25
38	1.75
39	0.25
40	0.25
41	0.25
42	1.5
43	1.25
44	0.5
45	1.25
46	0.25
47	0.5
48	1.5
49	0.5
50	1.5
51	0.75
52	1.25
53	0.25
54	0.5
55	1.5
56	1.5
57	0.25
58	1.5
59	0.25
60	0.25
61	0.5
62	0.5
63	0.0
64	1.25
65	0.75
66	0.0
67	1.5
68	0.0
69	0.5
70	1.5
71	0.75
72	1.25
73	0.25
74	0.25
75	1.75
76	0.5
77	0.0
78	0.0
79	0.0
80	0.25
81	1.5
82	0.25
83	1.5
84	0.0
85	2.0
86	0.25
87	0.25
88	0.25
89	1.25
90	0.25
91	1.5
92	1.5
93	0.0
94	0.25
95	0.25
96	1.75
97	0.0
98	1.75
99	0.25
100	1.25
101	0.75
102	1.25
103	0.5
104	0.0
105	1.5
106	0.0
107	0.25
108	0.0
109	0.0
110	0.0
111	0.0
112	0.0
