1	0.0
2	0.0
3	0.25
4	0.0
5	0.25
6	0.0
7	0.0
8	0.25
9	0.25
10	0.25
11	0.0
12	0.0
13	0.25
14	1.75
15	1.25
16	0.0
17	0.75
18	0.25
19	1.5
20	0.0
21	1.75
22	0.25
23	0.0
24	1.75
25	0.0
26	0.0
27	1.5
28	0.0
29	0.25
30	0.0
31	0.25
32	0.25
33	1.25
34	0.5
35	1.25
36	0.25
37	0.25
38	0.25
39	0.5
40	0.25
41	1.25
42	0.5
43	1.5
44	1.5
45	0.0
46	0.25
47	1.5
48	0.0
49	2.0
50	0.0
51	0.75
52	0.0
53	0.25
54	0.25
55	0.0
56	0.25
57	1.5
58	1.25
59	0.5
60	0.25
61	1.75
62	0.25
63	1.25
64	0.25
65	0.75
66	1.5
67	0.25
68	0.5
69	1.5
70	0.5
71	1.75
72	1.5
73	0.25
74	0.0
75	0.5
76	0.25
77	1.5
78	1.5
79	0.0
80	0.0
81	0.25
82	1.5
83	1.75
84	1.25
85	0.75
86	1.5
87	0.5
88	0.25
89	1.5
90	1.5
91	0.5
92	0.25
93	1.5
94	0.25
95	1.5
96	0.5
97	0.0
98	0.25
99	0.25
100	1.25
101	1.75
102	0.0
103	0.5
104	0.0
105	1.25
106	0.25
107	0.25
108	0.0
109	0.0
110	0.0
111	0.0
112	0.0
