1	0.0
2	0.0
3	0.25
4	0.0
5	0.25
6	0.0
7	0.0
8	0.25
9	0.25
10	0.25
11	0.0
12	0.0
13	1.5
14	0.25
15	1.5
16	0.0
17	0.75
18	0.5
19	1.25
20	0.0
21	1.75
22	0.75
23	0.0
24	0.25
25	0.0
26	1.25
27	0.5
28	0.0
29	1.75
30	0.0
31	0.5
32	0.25
33	1.5
34	0.5
35	0.5
36	0.25
37	0.25
38	1.5
39	0.25
40	0.25
41	0.25
42	1.5
43	0.0
44	0.75
45	1.5
46	0.5
47	0.75
48	1.25
49	0.25
50	1.25
51	1.0
52	1.5
53	0.0
54	0.25
55	1.25
56	0.25
57	0.25
58	0.0
59	0.25
60	1.25
61	0.0
62	1.25
63	0.25
64	0.0
65	2.0
66	0.0
67	1.25
68	0.25
69	1.5
70	0.5
71	1.75
72	0.25
73	0.25
74	1.75
75	0.5
76	1.75
77	0.25
78	1.25
79	1.5
80	1.5
81	0.25
82	0.25
83	0.25
84	0.25
85	0.75
86	1.5
87	0.25
88	0.25
89	0.0
90	0.0
91	0.25
92	0.25
93	0.0
94	0.25
95	1.5
96	1.75
97	1.25
98	0.25
99	0.0
100	0.0
101	0.25
102	0.0
103	0.5
104	0.0
105	0.0
106	0.0
107	0.25
108	0.0
109	0.0
110	0.0
111	0.0
112	0.0
