1	0.0
2	0.0
3	0.25
4	0.0
5	0.25
6	0.0
7	0.0
8	0.25
9	1.25
10	0.25
11	1.25
12	0.0
13	2.0
14	0.25
15	1.5
16	0.0
17	0.5
18	0.25
19	1.5
20	0.0
21	1.25
22	0.25
23	0.25
24	1.5
25	0.0
26	0.0
27	0.5
28	0.0
29	0.75
30	1.25
31	0.5
32	0.25
33	1.25
34	0.5
35	0.5
36	1.75
37	1.5
38	0.25
39	0.5
40	0.25
41	0.25
42	0.5
43	0.0
44	1.75
45	0.0
46	1.5
47	0.25
48	0.5
49	1.5
50	0.0
51	0.5
52	0.0
53	0.25
54	1.75
55	0.5
56	0.25
57	1.0
58	1.75
59	1.75
60	0.0
61	0.0
62	1.25
63	0.0
64	1.25
65	0.75
66	0.5
67	1.25
68	0.25
69	0.5
70	1.25
71	0.5
72	1.5
73	0.5
74	0.25
75	0.75
76	1.5
77	0.0
78	1.5
79	0.25
80	0.0
81	1.75
82	0.5
83	0.0
84	1.25
85	0.5
86	0.25
87	1.5
88	0.25
89	0.0
90	0.25
91	1.5
92	0.25
93	0.0
94	0.25
95	1.75
96	0.25
97	0.0
98	1.25
99	0.5
100	1.5
101	1.5
102	0.0
103	1.5
104	1.5
105	0.25
106	0.0
107	0.5
108	0.0
109	0.0
110	0.0
111	0.0
112	0.0
