1	0.0
2	0.0
3	0.25
4	0.0
5	0.25
6	0.0
7	0.0
8	0.25
9	0.25
10	0.25
11	0.5
12	1.0
13	0.5
14	0.25
15	0.25
16	1.0
17	0.25
18	0.25
19	0.5
20	0.0
21	1.75
22	0.25
23	0.0
24	1.5
25	0.25
26	0.25
27	0.5
28	1.0
29	0.5
30	0.0
31	1.75
32	0.5
33	0.25
34	0.25
35	0.25
36	1.5
37	0.5
38	1.5
39	0.5
40	0.25
41	1.25
42	0.25
43	0.0
44	1.75
45	0.0
46	1.75
47	0.25
48	0.5
49	0.5
50	1.75
51	1.0
52	0.0
53	1.5
54	0.25
55	1.25
56	0.25
57	0.0
58	1.25
59	0.25
60	0.0
61	1.25
62	0.5
63	1.5
64	1.25
65	1.0
66	0.0
67	1.25
68	1.25
69	0.5
70	1.25
71	0.5
72	0.0
73	0.25
74	0.0
75	0.5
76	0.25
77	0.0
78	0.0
79	1.5
80	1.5
81	0.25
82	0.0
83	1.25
84	0.25
85	1.75
86	0.0
87	1.5
88	0.5
89	0.0
90	1.75
91	1.75
92	0.25
93	0.0
94	0.25
95	1.5
96	0.25
97	0.5
98	0.5
99	1.25
100	0.5
101	1.25
102	0.0
103	2.0
104	0.0
105	1.0
106	0.0
107	0.25
108	0.0
109	0.0
110	0.0
111	0.0
112	0.0
