1	0.0
2	0.0
3	0.25
4	0.0
5	0.25
6	0.0
7	0.0
8	0.25
9	0.25
10	0.25
11	0.0
12	1.25
13	0.5
14	1.75
15	0.5
16	0.0
17	0.5
18	1.5
19	0.5
20	0.0
21	1.5
22	0.25
23	0.0
24	1.75
25	0.0
26	0.0
27	1.75
28	0.5
29	0.25
30	0.25
31	2.0
32	0.5
33	0.75
34	0.5
35	1.25
36	0.5
37	0.25
38	1.5
39	1.25
40	0.75
41	0.75
42	0.0
43	0.25
44	0.25
45	1.25
46	0.75
47	0.5
48	1.5
49	0.25
50	0.25
51	0.5
52	0.0
53	0.0
54	1.75
55	1.25
56	0.5
57	0.0
58	0.0
59	1.75
60	1.25
61	0.25
62	0.5
63	0.0
64	0.0
65	1.75
66	0.0
67	0.25
68	0.0
69	0.25
70	0.0
71	0.5
72	1.25
73	0.25
74	0.0
75	0.5
76	0.25
77	0.0
78	0.0
79	0.0
80	1.5
81	0.25
82	0.0
83	0.0
84	0.0
85	0.5
86	0.0
87	0.0
88	0.25
89	0.0
90	0.0
91	0.25
92	0.25
93	0.0
94	0.25
95	0.25
96	0.25
97	0.0
98	0.25
99	0.0
100	0.0
101	0.25
102	0.0
103	0.5
104	0.0
105	0.0
106	0.0
107	0.25
108	0.0
109	0.0
110	0.0
111	0.0
112	0.0
