1	0.0
2	0.0
3	0.25
4	0.0
5	0.25
6	0.0
7	0.0
8	0.25
9	0.25
10	0.25
11	0.0
12	0.0
13	0.25
14	0.5
15	0.25
16	1.25
17	0.25
18	1.5
19	0.75
20	0.0
21	1.75
22	0.25
23	0.25
24	0.5
25	1.25
26	0.25
27	0.25
28	1.0
29	0.5
30	0.0
31	1.5
32	0.25
33	0.5
34	1.5
35	0.25
36	0.25
37	0.25
38	0.25
39	1.5
40	0.25
41	0.25
42	1.5
43	0.0
44	1.75
45	1.5
46	0.25
47	0.5
48	0.0
49	0.25
50	1.5
51	0.75
52	0.0
53	1.5
54	0.25
55	0.0
56	0.25
57	0.0
58	0.0
59	1.75
60	0.0
61	1.75
62	0.25
63	0.0
64	1.5
65	0.75
66	0.25
67	1.75
68	0.25
69	1.5
70	0.25
71	0.5
72	1.5
73	0.25
74	0.0
75	1.75
76	0.25
77	1.5
78	0.0
79	1.5
80	0.0
81	0.25
82	1.5
83	0.0
84	1.0
85	0.5
86	0.5
87	1.25
88	0.5
89	1.25
90	0.0
91	0.25
92	1.75
93	0.0
94	1.5
95	0.5
96	0.25
97	1.0
98	0.25
99	1.5
100	0.0
101	0.5
102	0.0
103	2.0
104	0.0
105	0.25
106	0.0
107	0.25
108	0.0
109	0.0
110	0.0
111	0.0
112	0.0
