1	0.0
2	0.0
3	0.2222222222222222
4	0.0
5	0.2222222222222222
6	0.0
7	0.0
8	0.2222222222222222
9	0.2222222222222222
10	0.2222222222222222
11	0.0
12	0.0
13	0.2222222222222222
14	0.2222222222222222
15	0.2222222222222222
16	0.0
17	0.2222222222222222
18	0.2222222222222222
19	0.2222222222222222
20	0.0
21	0.0
22	0.2222222222222222
23	0.0
24	0.2222222222222222
25	0.0
26	0.0
27	0.4444444444444444
28	0.8888888888888888
29	0.4444444444444444
30	1.3333333333333333
31	0.6666666666666666
32	1.3333333333333333
33	0.2222222222222222
34	0.4444444444444444
35	1.1111111111111112
36	0.4444444444444444
37	0.2222222222222222
38	1.3333333333333333
39	0.2222222222222222
40	0.4444444444444444
41	0.6666666666666666
42	0.2222222222222222
43	1.3333333333333333
44	0.2222222222222222
45	1.1111111111111112
46	0.4444444444444444
47	1.1111111111111112
48	0.0
49	1.3333333333333333
50	1.1111111111111112
51	0.6666666666666666
52	1.3333333333333333
53	1.5555555555555556
54	0.2222222222222222
55	1.1111111111111112
56	1.3333333333333333
57	0.0
58	1.3333333333333333
59	0.2222222222222222
60	0.0
61	0.0
62	0.4444444444444444
63	0.0
64	0.0
65	2.0
66	0.2222222222222222
67	1.1111111111111112
68	0.2222222222222222
69	0.2222222222222222
70	1.3333333333333333
71	0.6666666666666666
72	1.3333333333333333
73	0.2222222222222222
74	0.2222222222222222
75	1.5555555555555556
76	0.4444444444444444
77	0.0
78	1.1111111111111112
79	0.2222222222222222
80	1.3333333333333333
81	0.2222222222222222
82	1.3333333333333333
83	0.2222222222222222
84	0.8888888888888888
85	0.4444444444444444
86	0.4444444444444444
87	1.1111111111111112
88	0.4444444444444444
89	0.0
90	1.3333333333333333
91	0.2222222222222222
92	0.2222222222222222
93	0.8888888888888888
94	0.2222222222222222
95	1.5555555555555556
96	0.2222222222222222
97	1.3333333333333333
98	0.4444444444444444
99	0.0
100	1.3333333333333333
101	0.2222222222222222
102	0.2222222222222222
103	0.4444444444444444
104	0.0
105	0.0
106	0.0
107	0.2222222222222222
108	0.0
109	0.0
110	0.0
111	0.0
112	0.0
