1	0.0
2	0.0
3	0.25
4	0.0
5	0.25
6	0.0
7	0.0
8	0.25
9	0.25
10	0.25
11	0.0
12	0.5
13	0.25
14	0.25
15	1.25
16	0.0
17	0.5
18	0.25
19	0.25
20	0.0
21	0.25
22	1.5
23	0.25
24	0.25
25	1.5
26	0.0
27	1.5
28	0.0
29	0.5
30	0.0
31	1.75
32	0.25
33	0.5
34	0.25
35	1.25
36	0.5
37	1.5
38	0.5
39	1.5
40	0.25
41	0.5
42	1.25
43	0.0
44	1.5
45	0.25
46	0.75
47	1.25
48	0.25
49	1.5
50	0.5
51	0.5
52	1.5
53	0.25
54	1.5
55	0.0
56	0.25
57	0.0
58	0.25
59	0.5
60	1.5
61	1.75
62	0.25
63	1.25
64	0.0
65	0.75
66	0.25
67	1.25
68	0.25
69	1.5
70	0.25
71	0.5
72	1.5
73	0.25
74	0.25
75	0.5
76	0.25
77	0.0
78	0.0
79	0.0
80	1.75
81	0.25
82	1.5
83	1.5
84	0.0
85	0.5
86	0.25
87	0.5
88	1.75
89	0.0
90	0.0
91	0.25
92	0.5
93	0.0
94	0.25
95	1.5
96	0.5
97	1.0
98	0.5
99	1.25
100	0.25
101	0.25
102	0.25
103	2.0
104	0.0
105	1.25
106	0.5
107	0.75
108	0.0
109	0.0
110	0.0
111	0.0
112	0.0
