1	0.0
2	0.0
3	0.25
4	0.0
5	0.25
6	0.0
7	0.0
8	0.25
9	0.25
10	0.75
11	0.0
12	1.0
13	0.5
14	0.25
15	0.5
16	1.0
17	0.5
18	0.5
19	0.5
20	0.25
21	1.25
22	0.25
23	0.0
24	0.5
25	1.25
26	0.25
27	0.5
28	1.0
29	0.5
30	1.5
31	1.75
32	0.25
33	0.25
34	2.0
35	0.25
36	0.25
37	0.25
38	1.5
39	0.25
40	0.5
41	0.25
42	0.25
43	0.0
44	1.5
45	0.0
46	1.5
47	1.5
48	0.0
49	2.0
50	1.25
51	0.5
52	0.5
53	0.0
54	0.25
55	0.25
56	1.5
57	0.0
58	0.0
59	1.75
60	0.25
61	0.0
62	1.25
63	0.0
64	0.0
65	1.75
66	0.0
67	0.5
68	0.5
69	1.5
70	0.25
71	0.5
72	1.5
73	0.25
74	0.25
75	0.75
76	0.25
77	0.0
78	1.25
79	1.5
80	0.25
81	0.5
82	0.0
83	0.0
84	1.25
85	0.5
86	0.0
87	0.5
88	1.25
89	0.0
90	0.5
91	1.75
92	0.5
93	1.0
94	0.75
95	0.25
96	1.5
97	0.0
98	0.25
99	0.0
100	1.25
101	0.5
102	0.25
103	0.5
104	0.0
105	1.25
106	0.0
107	0.25
108	0.0
109	0.0
110	0.0
111	0.0
112	0.0
