1	0.0
2	0.0
3	0.25
4	0.0
5	0.25
6	0.0
7	0.0
8	0.25
9	0.25
10	0.25
11	0.0
12	0.0
13	0.25
14	0.25
15	0.5
16	0.0
17	0.75
18	0.25
19	0.5
20	1.25
21	0.25
22	0.25
23	0.5
24	2.0
25	0.0
26	0.25
27	0.5
28	1.25
29	1.75
30	0.0
31	0.25
32	1.25
33	0.75
34	1.75
35	0.5
36	0.5
37	0.25
38	1.5
39	0.25
40	1.75
41	1.25
42	0.25
43	0.25
44	1.5
45	0.5
46	0.5
47	0.25
48	1.25
49	0.5
50	1.5
51	2.0
52	0.0
53	1.5
54	0.25
55	0.0
56	2.0
57	0.25
58	0.0
59	0.25
60	0.25
61	1.75
62	0.25
63	0.0
64	1.25
65	0.75
66	0.0
67	1.25
68	0.25
69	0.25
70	1.5
71	0.75
72	1.5
73	0.25
74	1.5
75	0.5
76	0.25
77	1.5
78	0.0
79	1.25
80	0.25
81	0.25
82	0.0
83	1.5
84	0.0
85	1.75
86	0.5
87	1.5
88	1.5
89	0.25
90	1.5
91	0.25
92	1.75
93	0.0
94	0.25
95	1.75
96	0.5
97	1.25
98	0.5
99	1.5
100	0.25
101	0.25
102	0.25
103	0.5
104	1.75
105	0.25
106	1.25
107	0.25
108	0.0
109	0.0
110	0.0
111	0.0
112	0.0
