1	0.0
2	0.0
3	0.25
4	0.0
5	0.25
6	0.0
7	0.0
8	0.25
9	0.25
10	0.25
11	0.25
12	0.0
13	0.5
14	0.25
15	1.5
16	0.25
17	0.5
18	0.5
19	0.5
20	0.0
21	1.25
22	1.75
23	0.0
24	0.5
25	0.0
26	1.5
27	0.25
28	0.0
29	0.25
30	0.0
31	0.25
32	0.25
33	1.75
34	1.75
35	0.25
36	0.25
37	0.25
38	0.5
39	1.75
40	0.25
41	1.25
42	0.5
43	0.0
44	0.25
45	0.0
46	1.75
47	0.25
48	0.0
49	0.25
50	0.25
51	0.5
52	1.75
53	0.0
54	0.75
55	1.5
56	0.25
57	1.0
58	0.25
59	0.25
60	1.5
61	0.25
62	0.25
63	0.25
64	0.0
65	1.75
66	0.25
67	1.25
68	1.25
69	0.5
70	1.5
71	0.75
72	1.5
73	0.25
74	0.0
75	0.5
76	0.25
77	0.0
78	0.0
79	0.0
80	0.0
81	0.25
82	0.0
83	0.0
84	0.0
85	2.0
86	0.0
87	1.25
88	0.25
89	0.5
90	0.25
91	1.5
92	0.75
93	0.0
94	1.75
95	0.25
96	0.5
97	1.25
98	1.25
99	0.25
100	0.0
101	0.25
102	0.25
103	0.75
104	0.0
105	0.0
106	0.25
107	0.25
108	0.0
109	0.0
110	0.0
111	0.0
112	0.0
