1	0.0
2	0.0
3	0.2857142857142857
4	0.0
5	0.2857142857142857
6	0.0
7	0.0
8	0.2857142857142857
9	0.2857142857142857
10	2.0
11	0.0
12	1.1428571428571428
13	0.2857142857142857
14	0.5714285714285714
15	0.2857142857142857
16	1.1428571428571428
17	0.5714285714285714
18	2.0
19	0.2857142857142857
20	0.0
21	1.4285714285714286
22	0.5714285714285714
23	1.7142857142857142
24	0.5714285714285714
25	0.0
26	1.7142857142857142
27	1.7142857142857142
28	0.0
29	0.5714285714285714
30	1.4285714285714286
31	0.2857142857142857
32	0.2857142857142857
33	1.7142857142857142
34	0.2857142857142857
35	0.8571428571428571
36	1.7142857142857142
37	0.2857142857142857
38	1.7142857142857142
39	0.2857142857142857
40	0.2857142857142857
41	0.2857142857142857
42	0.5714285714285714
43	0.0
44	0.5714285714285714
45	2.0
46	0.5714285714285714
47	1.4285714285714286
48	1.7142857142857142
49	0.2857142857142857
50	2.0
51	0.8571428571428571
52	0.0
53	1.7142857142857142
54	0.2857142857142857
55	1.4285714285714286
56	0.2857142857142857
57	0.0
58	1.4285714285714286
59	0.2857142857142857
60	0.0
61	0.0
62	0.5714285714285714
63	0.0
64	2.0
65	0.5714285714285714
66	1.4285714285714286
67	0.5714285714285714
68	0.0
69	1.7142857142857142
70	1.4285714285714286
71	2.0
72	0.5714285714285714
73	0.2857142857142857
74	2.0
75	0.5714285714285714
76	0.8571428571428571
77	0.0
78	1.4285714285714286
79	0.2857142857142857
80	1.7142857142857142
81	0.2857142857142857
82	0.0
83	0.2857142857142857
84	1.4285714285714286
85	0.5714285714285714
86	1.4285714285714286
87	0.2857142857142857
88	0.8571428571428571
89	0.2857142857142857
90	1.4285714285714286
91	0.5714285714285714
92	0.5714285714285714
93	1.1428571428571428
94	0.5714285714285714
95	1.7142857142857142
96	0.2857142857142857
97	1.4285714285714286
98	0.8571428571428571
99	0.2857142857142857
100	1.7142857142857142
101	0.2857142857142857
102	0.5714285714285714
103	0.8571428571428571
104	2.0
105	0.0
106	0.0
107	0.2857142857142857
108	0.0
109	0.0
110	0.0
111	0.0
112	0.0
