1	0.0
2	0.0
3	0.25
4	0.0
5	0.25
6	0.0
7	0.0
8	0.25
9	0.25
10	0.25
11	0.25
12	0.0
13	0.25
14	2.0
15	0.5
16	1.0
17	1.25
18	1.75
19	0.5
20	0.0
21	1.5
22	0.25
23	1.5
24	0.75
25	0.0
26	1.5
27	0.5
28	0.0
29	0.5
30	1.25
31	0.75
32	1.5
33	1.5
34	0.5
35	0.5
36	0.5
37	0.25
38	0.25
39	1.5
40	0.75
41	1.5
42	0.25
43	0.25
44	0.25
45	0.25
46	1.5
47	0.5
48	1.5
49	0.5
50	1.5
51	1.0
52	0.25
53	0.0
54	1.5
55	0.25
56	0.25
57	1.0
58	0.0
59	0.75
60	1.25
61	0.5
62	0.5
63	0.25
64	0.0
65	2.0
66	1.5
67	0.75
68	1.25
69	0.5
70	0.0
71	2.0
72	0.25
73	1.5
74	0.5
75	1.75
76	0.25
77	0.0
78	0.25
79	1.5
80	1.75
81	0.25
82	1.5
83	1.5
84	0.25
85	0.5
86	1.5
87	0.0
88	1.75
89	0.25
90	1.25
91	0.75
92	0.5
93	0.25
94	0.25
95	0.5
96	0.5
97	1.0
98	0.75
99	0.5
100	0.25
101	1.5
102	0.5
103	0.5
104	1.25
105	0.25
106	0.0
107	1.75
108	0.0
109	0.0
110	0.0
111	0.0
112	0.0
