1	0.0
2	0.0
3	0.2222222222222222
4	0.0
5	0.2222222222222222
6	0.0
7	0.0
8	0.2222222222222222
9	0.2222222222222222
10	0.2222222222222222
11	0.0
12	1.3333333333333333
13	0.2222222222222222
14	0.4444444444444444
15	1.3333333333333333
16	0.2222222222222222
17	0.4444444444444444
18	0.2222222222222222
19	0.6666666666666666
20	0.0
21	0.2222222222222222
22	1.5555555555555556
23	0.0
24	0.4444444444444444
25	0.0
26	1.3333333333333333
27	0.4444444444444444
28	0.0
29	0.4444444444444444
30	1.3333333333333333
31	0.4444444444444444
32	0.2222222222222222
33	0.4444444444444444
34	1.5555555555555556
35	0.6666666666666666
36	1.1111111111111112
37	0.2222222222222222
38	0.2222222222222222
39	0.2222222222222222
40	1.3333333333333333
41	0.2222222222222222
42	1.5555555555555556
43	0.0
44	1.5555555555555556
45	1.1111111111111112
46	0.4444444444444444
47	1.5555555555555556
48	0.0
49	0.2222222222222222
50	0.0
51	1.5555555555555556
52	1.1111111111111112
53	0.2222222222222222
54	0.4444444444444444
55	1.3333333333333333
56	0.4444444444444444
57	1.1111111111111112
58	0.0
59	0.2222222222222222
60	1.1111111111111112
61	0.4444444444444444
62	1.1111111111111112
63	0.2222222222222222
64	0.0
65	2.0
66	0.0
67	1.3333333333333333
68	0.4444444444444444
69	1.5555555555555556
70	0.0
71	2.0
72	1.3333333333333333
73	0.4444444444444444
74	0.2222222222222222
75	1.7777777777777777
76	0.2222222222222222
77	0.0
78	1.1111111111111112
79	0.2222222222222222
80	0.0
81	0.4444444444444444
82	1.3333333333333333
83	0.0
84	1.3333333333333333
85	0.6666666666666666
86	0.4444444444444444
87	1.3333333333333333
88	1.5555555555555556
89	0.2222222222222222
90	1.1111111111111112
91	0.4444444444444444
92	1.5555555555555556
93	0.0
94	1.7777777777777777
95	1.3333333333333333
96	0.4444444444444444
97	0.0
98	1.1111111111111112
99	0.0
100	0.0
101	1.5555555555555556
102	0.0
103	0.4444444444444444
104	1.5555555555555556
105	0.2222222222222222
106	0.0
107	0.4444444444444444
108	0.0
109	0.0
110	0.0
111	0.0
112	0.0
