1	0.0
2	0.0
3	0.25
4	0.0
5	0.25
6	0.0
7	0.0
8	0.25
9	0.25
10	0.25
11	0.0
12	0.0
13	0.25
14	0.25
15	1.25
16	0.25
17	1.25
18	0.25
19	1.5
20	0.0
21	0.0
22	0.25
23	0.0
24	0.75
25	0.0
26	0.25
27	0.5
28	0.0
29	0.25
30	1.25
31	0.25
32	1.75
33	1.25
34	0.5
35	0.25
36	0.25
37	1.5
38	0.25
39	1.5
40	0.5
41	1.25
42	0.0
43	0.0
44	1.5
45	0.25
46	0.25
47	0.25
48	0.0
49	1.5
50	0.0
51	0.5
52	0.5
53	1.5
54	0.25
55	1.25
56	0.5
57	1.0
58	0.25
59	2.0
60	0.0
61	0.5
62	0.25
63	1.25
64	0.0
65	2.0
66	0.0
67	0.5
68	1.25
69	0.25
70	0.5
71	1.75
72	1.25
73	0.25
74	0.0
75	0.5
76	0.25
77	0.0
78	0.0
79	0.0
80	1.25
81	0.25
82	0.0
83	0.0
84	0.25
85	0.5
86	0.0
87	0.0
88	1.25
89	0.25
90	1.75
91	1.75
92	0.75
93	0.25
94	1.5
95	0.25
96	1.75
97	0.25
98	1.25
99	0.25
100	0.25
101	1.25
102	0.0
103	0.5
104	1.25
105	0.0
106	0.0
107	0.25
108	0.0
109	0.0
110	0.0
111	0.0
112	0.0
