1	0.0
2	0.0
3	0.25
4	0.0
5	0.25
6	0.0
7	0.0
8	0.25
9	0.25
10	0.25
11	0.0
12	1.0
13	0.5
14	2.0
15	0.25
16	0.0
17	0.5
18	0.25
19	1.5
20	0.25
21	1.25
22	0.25
23	1.25
24	0.5
25	0.0
26	1.5
27	0.25
28	0.0
29	0.5
30	0.0
31	2.0
32	0.5
33	0.25
34	0.5
35	1.5
36	1.5
37	0.5
38	1.5
39	0.25
40	0.5
41	0.5
42	0.25
43	1.5
44	0.25
45	0.0
46	0.5
47	1.5
48	0.0
49	1.5
50	1.75
51	0.75
52	0.25
53	0.0
54	1.5
55	0.5
56	0.25
57	0.25
58	0.25
59	1.5
60	0.0
61	0.25
62	0.25
63	0.25
64	0.25
65	2.0
66	0.0
67	0.25
68	1.25
69	0.5
70	1.0
71	0.75
72	0.25
73	0.25
74	1.75
75	0.5
76	0.25
77	0.25
78	1.25
79	0.0
80	0.0
81	0.25
82	1.75
83	0.0
84	0.0
85	0.5
86	0.0
87	0.0
88	0.25
89	1.5
90	0.5
91	0.25
92	0.25
93	1.0
94	0.25
95	1.75
96	0.25
97	0.0
98	0.25
99	1.75
100	0.0
101	0.25
102	1.25
103	1.0
104	1.25
105	0.0
106	0.0
107	0.25
108	0.0
109	0.0
110	0.0
111	0.0
112	0.0
