1	0.0
2	0.0
3	0.25
4	0.0
5	0.25
6	0.0
7	0.0
8	0.25
9	0.25
10	0.25
11	0.0
12	1.25
13	0.5
14	0.5
15	0.5
16	1.0
17	0.5
18	0.25
19	1.5
20	0.0
21	1.75
22	1.75
23	0.0
24	0.75
25	0.0
26	1.75
27	1.75
28	0.0
29	0.5
30	0.25
31	1.75
32	0.25
33	1.5
34	0.25
35	0.5
36	1.25
37	0.25
38	1.75
39	0.0
40	2.0
41	0.5
42	1.25
43	0.25
44	0.25
45	1.75
46	0.25
47	1.5
48	0.25
49	0.75
50	0.0
51	1.5
52	0.25
53	0.0
54	0.5
55	0.0
56	1.75
57	0.25
58	1.5
59	0.25
60	1.5
61	0.25
62	0.25
63	0.5
64	1.25
65	1.75
66	0.25
67	1.25
68	1.25
69	0.25
70	0.0
71	0.75
72	0.25
73	1.5
74	0.5
75	1.75
76	0.25
77	0.25
78	1.25
79	0.25
80	1.75
81	0.25
82	0.0
83	0.0
84	0.25
85	1.75
86	0.0
87	1.75
88	1.5
89	0.25
90	0.25
91	0.25
92	1.75
93	0.0
94	1.75
95	0.25
96	0.25
97	0.0
98	1.25
99	0.0
100	0.25
101	1.75
102	0.25
103	1.0
104	0.0
105	0.0
106	1.25
107	0.5
108	0.0
109	0.0
110	0.0
111	0.0
112	0.0
