1	0.0
2	0.0
3	0.25
4	0.0
5	0.25
6	0.0
7	0.0
8	0.25
9	0.25
10	0.25
11	1.25
12	0.0
13	0.5
14	0.25
15	0.25
16	0.0
17	0.5
18	0.25
19	1.75
20	0.0
21	0.0
22	0.5
23	0.0
24	0.75
25	1.25
26	0.0
27	0.5
28	0.0
29	2.0
30	0.0
31	1.5
32	0.5
33	1.25
34	0.25
35	0.5
36	1.25
37	0.25
38	0.25
39	0.5
40	0.25
41	1.5
42	0.25
43	0.25
44	1.5
45	0.25
46	0.5
47	1.5
48	0.0
49	0.25
50	1.75
51	2.0
52	0.25
53	0.0
54	0.5
55	0.0
56	0.5
57	0.0
58	0.25
59	0.75
60	0.0
61	1.5
62	0.5
63	1.5
64	0.25
65	1.75
66	0.25
67	1.25
68	1.25
69	0.25
70	1.5
71	0.5
72	1.75
73	1.5
74	0.5
75	0.5
76	0.25
77	1.25
78	0.0
79	0.25
80	1.75
81	1.75
82	0.0
83	0.0
84	0.25
85	1.75
86	0.25
87	1.25
88	0.25
89	1.5
90	0.5
91	0.25
92	0.25
93	0.0
94	0.25
95	0.5
96	0.25
97	1.25
98	0.5
99	0.0
100	1.5
101	0.25
102	0.0
103	0.5
104	0.0
105	0.0
106	0.0
107	0.25
108	0.0
109	0.0
110	0.0
111	0.0
112	0.0
